Codigo,Descripcion,Naturaleza,Nivel,SaldoInicial,Debitos,Creditos,SaldoActual,FechaPeriodo,SistemaOrigen
201-,INVERSIONES APTAS PARA LA REPRESENTACIÓN DE LAS,Deudora,1,2964600.97,13340155.24,12234925.46,4069830.75,31/01/2025,Profit Plus Contabilidad
201-01-,DISPONIBLE,Deudora,2,2436314.73,12937223.85,11653245.46,3720293.12,31/01/2025,Profit Plus Contabilidad
201-01-01-,CAJA  PRINCIPAL,Deudora,3,0,3746896.06,3746896.06,0,31/01/2025,Profit Plus Contabilidad
201-01-01-01-,CAJA  PRINCIPAL,Deudora,4,0,3746896.06,3746896.06,0,31/01/2025,Profit Plus Contabilidad
201-01-01-01-01-,CAJA  PRINCIPAL,Deudora,5,0,3746896.06,3746896.06,0,31/01/2025,Profit Plus Contabilidad
201-01-01-01-01-01,CAJA  PRINCIPAL,Deudora,6,0,3746896.06,3746896.06,0,31/01/2025,Profit Plus Contabilidad
201-01-03-,DEPOSITOS A LA VISTA,Deudora,3,2436314.73,9190327.79,7906349.4,3720293.12,31/01/2025,Profit Plus Contabilidad
201-01-03-01-,MONEDA NACIONAL,Deudora,4,48130.07,7745454.3,7459428.69,334155.68,31/01/2025,Profit Plus Contabilidad
201-01-03-01-01-,MONEDA NACIONAL,Deudora,5,48130.07,7745454.3,7459428.69,334155.68,31/01/2025,Profit Plus Contabilidad
201-01-03-01-01-03,BANCO MERCANTIL 0105-0028-1010-2825-0045,Deudora,6,1670.8,10500,10339.72,1831.08,31/01/2025,Profit Plus Contabilidad
201-01-03-01-01-04,BANCO VENEZUELA 0102-0278-7100-0005-5903,Deudora,6,229.94,0,0.5,229.44,31/01/2025,Profit Plus Contabilidad
201-01-03-01-01-06,BANCO BICENTENARIO,Deudora,6,10810.02,0,60.5,10749.52,31/01/2025,Profit Plus Contabilidad
201-01-03-01-01-13,BNC 8204 CTA CTE 01910098772198188204,Deudora,6,0,2866421.77,2859468.9,6952.87,31/01/2025,Profit Plus Contabilidad
201-01-03-01-01-14,BNC 0139 CTA CTE 01910098742198190139,Deudora,6,9756.22,468278.52,471094.67,6940.07,31/01/2025,Profit Plus Contabilidad
201-01-03-01-01-15,BNC 0145 CTA CTE 01910098792198190145,Deudora,6,25325.3,3810074.01,3766672.52,68726.79,31/01/2025,Profit Plus Contabilidad
201-01-03-01-01-16,BANCARIBE CTA CTE 0114-0165-19-1650263762,Deudora,6,337.79,590180,351791.88,238725.91,31/01/2025,Profit Plus Contabilidad
201-01-03-02-,MONEDA EXTRANJERA (BANCOS NACIONALES),Deudora,4,2388184.66,1444873.49,446920.71,3386137.44,31/01/2025,Profit Plus Contabilidad
201-01-03-02-01-,MONEDA EXTRANJERA (BANCOS NACIONALES),Deudora,5,2388184.66,1444873.49,446920.71,3386137.44,31/01/2025,Profit Plus Contabilidad
201-01-03-02-01-01,BNC9381 CTA EFECTIVO MONEDA EXTRANJERA (BANCOS,Deudora,6,1829409.31,1375958.68,446920.71,2758447.28,31/01/2025,Profit Plus Contabilidad
201-01-03-02-01-02,BANCARIBE CTA EFECTIVO MONEDA EXTRANJERA (BANC,Deudora,6,558775.35,68914.81,0,627690.16,31/01/2025,Profit Plus Contabilidad
201-02-,VALORES PUBLICOS,Deudora,2,528286.24,402931.39,581680,349537.63,31/01/2025,Profit Plus Contabilidad
201-02-01-,EMITIDOS O GARANTIZADOS POR LA REPÚBLICA,Deudora,3,528286.24,402931.39,581680,349537.63,31/01/2025,Profit Plus Contabilidad
201-02-01-01-,EMITIDOS O GARANTIZADOS POR LA REPÚBLICA,Deudora,4,528286.24,402931.39,581680,349537.63,31/01/2025,Profit Plus Contabilidad
201-02-01-01-01-,EMITIDOS O GARANTIZADOS POR LA REPÚBLICA,Deudora,5,528286.24,402931.39,581680,349537.63,31/01/2025,Profit Plus Contabilidad
201-02-01-01-01-01,VALORES PUBLICOS,Deudora,6,528286.24,402931.39,581680,349537.63,31/01/2025,Profit Plus Contabilidad
202-,GARANTIA A LA NACION,Deudora,1,4405423.03,0,0,4405423.03,31/01/2025,Profit Plus Contabilidad
202-01-,EFECTIVOS DEPOSITADOS EN BANCOS,Deudora,2,4405423.03,0,0,4405423.03,31/01/2025,Profit Plus Contabilidad
202-01-01-,EFECTIVOS DEPOSITADOS EN BANCOS,Deudora,3,4405423.03,0,0,4405423.03,31/01/2025,Profit Plus Contabilidad
202-01-01-01-,EFECTIVOS DEPOSITADOS EN BANCOS,Deudora,4,4405423.03,0,0,4405423.03,31/01/2025,Profit Plus Contabilidad
202-01-01-01-01-,EFECTIVOS DEPOSITADOS EN BANCOS,Deudora,5,4405423.03,0,0,4405423.03,31/01/2025,Profit Plus Contabilidad
202-01-01-01-01-01,GARANTIA A LA NACION,Deudora,6,4405423.03,0,0,4405423.03,31/01/2025,Profit Plus Contabilidad
203-,INVERSIONES NO APTAS PARA LA REPRESENTACION DE L,Deudora,1,85867439.11,21650148.75,11074292.37,96443295.49,31/01/2025,Profit Plus Contabilidad
203-04-,INMUEBLES,Deudora,2,11803635.8,0,0,11803635.8,31/01/2025,Profit Plus Contabilidad
203-04-02-,EDIFICACIONES,Deudora,3,11803635.8,0,0,11803635.8,31/01/2025,Profit Plus Contabilidad
203-04-02-01-,EDIFICACIONES,Deudora,4,11803635.8,0,0,11803635.8,31/01/2025,Profit Plus Contabilidad
203-04-02-01-01-,EDIFICACIONES,Deudora,5,11803635.8,0,0,11803635.8,31/01/2025,Profit Plus Contabilidad
203-04-02-01-01-01,BIENES INMUEBLES,Deudora,6,11803635.8,0,0,11803635.8,31/01/2025,Profit Plus Contabilidad
203-06-,INVERSIONES EN EL EXTRANJERO,Deudora,2,73951913.33,21419660.51,10756483.67,84615090.17,31/01/2025,Profit Plus Contabilidad
203-06-01-,BANCOS,Deudora,3,73951913.33,21419660.51,10756483.67,84615090.17,31/01/2025,Profit Plus Contabilidad
203-06-01-01-,BANCOS,Deudora,4,73951913.33,21419660.51,10756483.67,84615090.17,31/01/2025,Profit Plus Contabilidad
203-06-01-01-01-,BANCOS,Deudora,5,73951913.33,21419660.51,10756483.67,84615090.17,31/01/2025,Profit Plus Contabilidad
203-06-01-01-01-05,BANCARIBE INTERNACIONAL BANK,Deudora,6,7358300.12,3482285.31,2580602.09,8259983.34,31/01/2025,Profit Plus Contabilidad
203-06-01-01-01-06,AMERANT,Deudora,6,49215900.78,11823578.09,854765.38,60184713.49,31/01/2025,Profit Plus Contabilidad
203-06-01-01-01-07,BANESCO PANAMA,Deudora,6,14788356.19,5794446.94,7321116.2,13261686.93,31/01/2025,Profit Plus Contabilidad
203-06-01-01-01-08,BANCARIBE CURAZAO BANK,Deudora,6,2589356.24,319350.17,0,2908706.41,31/01/2025,Profit Plus Contabilidad
203-11-,DISPONIBLE,Deudora,2,111889.98,230488.24,317808.7,24569.52,31/01/2025,Profit Plus Contabilidad
203-11-02-,CAJA CHICA,Deudora,3,111889.98,230488.24,317808.7,24569.52,31/01/2025,Profit Plus Contabilidad
203-11-02-01-,CAJA CHICA,Deudora,4,111889.98,230488.24,317808.7,24569.52,31/01/2025,Profit Plus Contabilidad
203-11-02-01-01-,CAJA CHICA,Deudora,5,111889.98,230488.24,317808.7,24569.52,31/01/2025,Profit Plus Contabilidad
203-11-02-01-01-01,CAJA CHICA,Deudora,6,111889.98,230488.24,317808.7,24569.52,31/01/2025,Profit Plus Contabilidad
204-,ACTIVOS DEPRECIABLES Y AMORTIZABLES,Deudora,1,1052561.45,0,0,1052561.45,31/01/2025,Profit Plus Contabilidad
204-01-,MOBILIARIO,Deudora,2,65448.44,0,0,65448.44,31/01/2025,Profit Plus Contabilidad
204-01-01-,MOBILIARIO,Deudora,3,0,0,0,0,31/01/2025,Profit Plus Contabilidad
204-01-01-01-,MOBILIARIO,Deudora,4,0,0,0,0,31/01/2025,Profit Plus Contabilidad
204-01-01-01-01-,MOBILIARIO,Deudora,5,0,0,0,0,31/01/2025,Profit Plus Contabilidad
204-01-01-01-01-01,MOBILIARIO,Deudora,6,0,0,0,0,31/01/2025,Profit Plus Contabilidad
204-02-,EQUIPOS DE OFICINA,Deudora,2,0,0,0,0,31/01/2025,Profit Plus Contabilidad
204-02-01-,EQUIPOS DE OFICINA,Deudora,3,0,0,0,0,31/01/2025,Profit Plus Contabilidad
204-02-01-01-,EQUIPOS DE OFICINA,Deudora,4,0,0,0,0,31/01/2025,Profit Plus Contabilidad
204-02-01-01-01-,EQUIPOS DE OFICINA,Deudora,5,0,0,0,0,31/01/2025,Profit Plus Contabilidad
204-02-01-01-01-01,EQUIPOS DE OFICINA,Deudora,6,0,0,0,0,31/01/2025,Profit Plus Contabilidad
204-03-,EQUIPO COMPUTACION,Deudora,2,0,0,0,0,31/01/2025,Profit Plus Contabilidad
204-03-01-,EQUIPO COMPUTACION,Deudora,3,0,0,0,0,31/01/2025,Profit Plus Contabilidad
204-03-01-01-,EQUIPO COMPUTACION,Deudora,4,0,0,0,0,31/01/2025,Profit Plus Contabilidad
204-03-01-01-01-,EQUIPO COMPUTACION,Deudora,5,0,0,0,0,31/01/2025,Profit Plus Contabilidad
204-03-01-01-01-01,EQUIPO COMPUTACION,Deudora,6,0,0,0,0,31/01/2025,Profit Plus Contabilidad
205-,CUENTAS DEUDORAS POR REASEGUROS,Deudora,1,0,0,0,116194412.5,31/01/2025,Profit Plus Contabilidad
205-01-,CUENTAS CORRIENTES CON REASEGURADAS,Deudora,2,0,0,0,15011679.87,31/01/2025,Profit Plus Contabilidad
205-01-01-,DEL PAIS,Deudora,3,0,0,0,15011679.87,31/01/2025,Profit Plus Contabilidad
205-01-01-01-,DEL PAIS,Deudora,4,0,0,0,15011679.87,31/01/2025,Profit Plus Contabilidad
205-01-01-01-01-,DEL PAIS,Deudora,5,0,0,0,15011679.87,31/01/2025,Profit Plus Contabilidad
205-01-01-01-01-01,FACULTATIVO,Deudora,6,0,0,0,0,31/01/2025,Profit Plus Contabilidad
205-01-01-01-01-03,CONTRATO,Deudora,6,0,0,0,15011679.87,31/01/2025,Profit Plus Contabilidad
205-02-,CUENTAS CORRIENTES C/RETROCESIONARIOS,Deudora,2,0,0,0,2239508.86,31/01/2025,Profit Plus Contabilidad
205-02-01-,DEL PAIS,Deudora,3,0,0,0,2239508.86,31/01/2025,Profit Plus Contabilidad
205-02-01-01-,DEL PAIS,Deudora,4,0,0,0,2239508.86,31/01/2025,Profit Plus Contabilidad
205-02-01-01-01-,DEL PAIS,Deudora,5,0,0,0,2239508.86,31/01/2025,Profit Plus Contabilidad
205-02-01-01-01-01,FACULTATIVO,Deudora,6,0,0,0,2239508.86,31/01/2025,Profit Plus Contabilidad
205-03-,CUENTAS CORRIENTES CON INTERMEDIARIOS,Deudora,2,0,0,0,73223102.27,31/01/2025,Profit Plus Contabilidad
205-03-01-,DEL PAIS,Deudora,3,0,0,0,65453906.53,31/01/2025,Profit Plus Contabilidad
205-03-01-01-,DEL PAIS,Deudora,4,0,0,0,65453906.53,31/01/2025,Profit Plus Contabilidad
205-03-01-01-01-,DEL PAIS,Deudora,5,0,0,0,65453906.53,31/01/2025,Profit Plus Contabilidad
205-03-01-01-01-03,CONTRATO,Deudora,6,0,0,0,46913161.88,31/01/2025,Profit Plus Contabilidad
205-03-01-01-01-04,CONTRATO NO PROPORCIONAL,Deudora,6,0,0,0,18540744.65,31/01/2025,Profit Plus Contabilidad
205-03-02-,DEL EXTRANJERO,Deudora,3,0,0,0,7769195.74,31/01/2025,Profit Plus Contabilidad
205-03-02-01-,DEL EXTRANJERO,Deudora,4,0,0,0,7769195.74,31/01/2025,Profit Plus Contabilidad
205-03-02-01-01-,DEL EXTRANJERO,Deudora,5,0,0,0,7769195.74,31/01/2025,Profit Plus Contabilidad
205-03-02-01-01-04,CONTRATO NO PROPORCIONAL,Deudora,6,0,0,0,7769195.74,31/01/2025,Profit Plus Contabilidad
205-04-,RESERVA DE PRIMAS A/C RETROCESIONARIOS,Deudora,2,0,0,0,25720121.49,31/01/2025,Profit Plus Contabilidad
205-04-02-,TRANSPORTE,Deudora,3,0,0,0,1102272.44,31/01/2025,Profit Plus Contabilidad
205-04-02-01-,TRANSPORTE,Deudora,4,0,0,0,1102272.44,31/01/2025,Profit Plus Contabilidad
205-04-02-01-01-,TRANSPORTE,Deudora,5,0,0,0,1102272.44,31/01/2025,Profit Plus Contabilidad
205-04-02-01-01-01,FACULTATIVO,Deudora,6,0,0,0,537683.44,31/01/2025,Profit Plus Contabilidad
205-04-02-01-01-03,CONTRATO,Deudora,6,0,0,0,564589,31/01/2025,Profit Plus Contabilidad
205-04-03-,INCENDIO.,Deudora,3,0,0,0,19328916.87,31/01/2025,Profit Plus Contabilidad
205-04-03-01-,INCENDIO.,Deudora,4,0,0,0,19328916.87,31/01/2025,Profit Plus Contabilidad
205-04-03-01-01-,INCENDIO.,Deudora,5,0,0,0,19328916.87,31/01/2025,Profit Plus Contabilidad
205-04-03-01-01-01,FACULTATIVO,Deudora,6,0,0,0,18757715.36,31/01/2025,Profit Plus Contabilidad
205-04-03-01-01-03,CONTRATO,Deudora,6,0,0,0,571201.51,31/01/2025,Profit Plus Contabilidad
205-04-04-,ACCIDENTES Y DIVERSOS.,Deudora,3,0,0,0,4898813.41,31/01/2025,Profit Plus Contabilidad
205-04-04-01-,ACCIDENTES Y DIVERSOS.,Deudora,4,0,0,0,4898813.41,31/01/2025,Profit Plus Contabilidad
205-04-04-01-01-,ACCIDENTES Y DIVERSOS.,Deudora,5,0,0,0,4898813.41,31/01/2025,Profit Plus Contabilidad
205-04-04-01-01-01,FACULTATIVO,Deudora,6,0,0,0,3351297.28,31/01/2025,Profit Plus Contabilidad
205-04-04-01-01-03,CONTRATO,Deudora,6,0,0,0,581238.83,31/01/2025,Profit Plus Contabilidad
,,Deudora,1,0,0,799861.99,0,31/01/2025,Profit Plus Contabilidad
205-04-04-01-01-04,CONTRATO NO PROPORCIONAL,Deudora,6,799861.99,0,0,0,31/01/2025,Profit Plus Contabilidad
205-04-05-,FIANZAS.,Deudora,3,350988.9,0,0,0,31/01/2025,Profit Plus Contabilidad
205-04-05-01-,FIANZAS.,Deudora,4,350988.9,0,0,0,31/01/2025,Profit Plus Contabilidad
205-04-05-01-01-,FIANZAS.,Deudora,5,350988.9,0,0,0,31/01/2025,Profit Plus Contabilidad
205-04-05-01-01-01,FACULTATIVO,Deudora,6,343571.56,0,0,0,31/01/2025,Profit Plus Contabilidad
205-04-05-01-01-03,CONTRATO,Deudora,6,7417.34,0,0,0,31/01/2025,Profit Plus Contabilidad
205-05-,RESERVAS PARA PRESTACIONES Y SINIESTRO S PENDIEN,Deudora,2,746634.14,0,0,0,31/01/2025,Profit Plus Contabilidad
205-05-03-,INCENDIO.,Deudora,3,737454.4,0,0,0,31/01/2025,Profit Plus Contabilidad
205-05-03-01-,INCENDIO.,Deudora,4,737454.4,0,0,0,31/01/2025,Profit Plus Contabilidad
205-05-03-01-01-,INCENDIO.,Deudora,5,737454.4,0,0,0,31/01/2025,Profit Plus Contabilidad
205-05-03-01-01-01,FACULTATIVO,Deudora,6,737454.4,0,0,0,31/01/2025,Profit Plus Contabilidad
205-05-04-,ACCIDENTES Y DIVERSOS.,Deudora,3,9179.74,0,0,0,31/01/2025,Profit Plus Contabilidad
205-05-04-01-,ACCIDENTES Y DIVERSOS.,Deudora,4,9179.74,0,0,0,31/01/2025,Profit Plus Contabilidad
205-05-04-01-01-,ACCIDENTES Y DIVERSOS.,Deudora,5,9179.74,0,0,0,31/01/2025,Profit Plus Contabilidad
205-05-04-01-01-01,FACULTATIVO,Deudora,6,9179.74,0,0,0,31/01/2025,Profit Plus Contabilidad
206-,CUENTAS DEUDORAS DIVERSAS,Deudora,1,925372.45,0,0,0,31/01/2025,Profit Plus Contabilidad
206-01-,CUENTAS CORRIENTES,Deudora,2,55360.85,0,0,0,31/01/2025,Profit Plus Contabilidad
206-01-01-,CUENTAS CORRIENTES,Deudora,3,55360.85,0,0,0,31/01/2025,Profit Plus Contabilidad
206-01-01-01-,CUENTAS CORRIENTES,Deudora,4,55360.85,0,0,0,31/01/2025,Profit Plus Contabilidad
206-01-01-01-01-,CUENTAS CORRIENTES,Deudora,5,55360.85,0,0,0,31/01/2025,Profit Plus Contabilidad
206-01-01-01-01-01,CUENTAS DEUDORAS DIVERSAS,Deudora,6,0,0,0,0,31/01/2025,Profit Plus Contabilidad
206-01-01-01-01-15,ANTICIPOS PROVEEDORES,Deudora,6,55360.85,0,0,0,31/01/2025,Profit Plus Contabilidad
206-02-,PRESTAMOS A EMPLEADOS,Deudora,2,870011.6,0,0,0,31/01/2025,Profit Plus Contabilidad
206-02-01-,PRESTAMOS A EMPLEADOS,Deudora,3,870011.6,0,0,0,31/01/2025,Profit Plus Contabilidad
206-02-01-01-,PRESTAMOS A EMPLEADOS,Deudora,4,870011.6,0,0,0,31/01/2025,Profit Plus Contabilidad
206-02-01-01-01-,PRESTAMOS A EMPLEADOS,Deudora,5,870011.6,0,0,0,31/01/2025,Profit Plus Contabilidad
206-02-01-01-01-01,PRESTAMOS A EMPLEADOS,Deudora,6,870011.6,0,0,0,31/01/2025,Profit Plus Contabilidad
207-,BENEFICIOS DEVENGADOS POR COBRAR,Deudora,1,1829.34,0,0,0,31/01/2025,Profit Plus Contabilidad
207-01-,INTERESES,Deudora,2,1829.34,0,0,0,31/01/2025,Profit Plus Contabilidad
207-01-04-,VALORES PUBLICOS,Deudora,3,1829.34,0,0,0,31/01/2025,Profit Plus Contabilidad
207-01-04-01-,VALORES PUBLICOS,Deudora,4,1829.34,0,0,0,31/01/2025,Profit Plus Contabilidad
207-01-04-01-01-,VALORES PUBLICOS,Deudora,5,1829.34,0,0,0,31/01/2025,Profit Plus Contabilidad
207-01-04-01-01-01,VALORES PUBLICOS,Deudora,6,1829.34,0,0,0,31/01/2025,Profit Plus Contabilidad
208-,ACTIVOS TRANSITORIOS,Deudora,1,1700315.97,0,0,0,31/01/2025,Profit Plus Contabilidad
208-01-,CARGOS DIFERIDOS DE REASEGURO ACEPTADO,Deudora,2,1402804.81,0,0,0,31/01/2025,Profit Plus Contabilidad
208-01-01-,AJUSTE PROVISIONAL DE RESERVAS,Deudora,3,1402804.81,0,0,0,31/01/2025,Profit Plus Contabilidad
208-01-01-01-,AJUSTE PROVISIONAL DE RESERVAS,Deudora,4,1402804.81,0,0,0,31/01/2025,Profit Plus Contabilidad
208-01-01-01-01-,AJUSTE PROVISIONAL DE RESERVAS,Deudora,5,1402804.81,0,0,0,31/01/2025,Profit Plus Contabilidad
208-01-01-01-01-02,CARGOS DIFERIDOS P/REASEGURO,Deudora,6,1402804.81,0,0,0,31/01/2025,Profit Plus Contabilidad
208-02-,OTROS CARGOS DIFERIDOS,Deudora,2,297511.16,0,0,0,31/01/2025,Profit Plus Contabilidad
208-02-03-,GASTOS ANTICIPADOS,Deudora,3,237484.5,0,0,0,31/01/2025,Profit Plus Contabilidad
208-02-03-02-,OTROS,Deudora,4,237484.5,0,0,0,31/01/2025,Profit Plus Contabilidad
208-02-03-02-01-,OTROS,Deudora,5,237484.5,0,0,0,31/01/2025,Profit Plus Contabilidad
208-02-03-02-01-01,OTROS GASTOS PAGADOS POR ANTICIPADO,Deudora,6,237484.5,0,0,0,31/01/2025,Profit Plus Contabilidad
208-02-04-,IMPUESTOS PAGADOS POR ANTICIPADO,Deudora,3,60026.66,0,0,0,31/01/2025,Profit Plus Contabilidad
208-02-04-01-,IMPUESTOS PAGADOS POR ANTICIPADO,Deudora,4,60026.66,0,0,0,31/01/2025,Profit Plus Contabilidad
208-02-04-01-01-,IMPUESTOS PAGADOS POR ANTICIPADO,Deudora,5,60026.66,0,0,0,31/01/2025,Profit Plus Contabilidad
208-02-04-01-01-01,IMPUESTOS PAGADOS POR ANTICIPADO,Deudora,6,60026.66,0,0,0,31/01/2025,Profit Plus Contabilidad
214-,CUENTAS DE ORDEN,Deudora,1,108613982.5,0,0,0,31/01/2025,Profit Plus Contabilidad
214-01-,PRIMAS EMITIDAS AL COBRO,Deudora,2,108613982.5,0,0,0,31/01/2025,Profit Plus Contabilidad
214-01-01-,PRIMAS EMITIDAS AL COBRO,Deudora,3,108613982.5,0,0,0,31/01/2025,Profit Plus Contabilidad
214-01-01-01-,PRIMAS EMITIDAS AL COBRO,Deudora,4,108613982.5,0,0,0,31/01/2025,Profit Plus Contabilidad
214-01-01-01-01-,PRIMAS EMITIDAS AL COBRO,Deudora,5,0,0,0,106060242.1,31/01/2025,Profit Plus Contabilidad
214-01-01-01-01-01,PRIMAS EMITIDAS AL COBRO FACULTATIVO,Deudora,6,0,0,0,58955185.23,31/01/2025,Profit Plus Contabilidad
214-01-01-01-01-02,NEGOCIOS ACEPTADOS,Deudora,6,0,0,0,45003282.57,31/01/2025,Profit Plus Contabilidad
214-01-01-01-01-03,PRIMAS EMITIDAS AL COBRO CONTRATO,Deudora,6,0,0,0,2101774.25,31/01/2025,Profit Plus Contabilidad
301-,PRESTACIONES Y SINIESTROS PAGADOS,Acreedora,1,0,0,0,4097902.16,31/01/2025,Profit Plus Contabilidad
301-01-,PRESTACIONES PAGADAS,Acreedora,2,0,0,0,1373237.64,31/01/2025,Profit Plus Contabilidad
301-01-02-,NEGOCIOS EXTRANJEROS,Acreedora,3,0,0,0,21450.6,31/01/2025,Profit Plus Contabilidad
301-01-02-01-,VIDA,Acreedora,4,0,0,0,21450.6,31/01/2025,Profit Plus Contabilidad
301-01-02-01-01-,TRANSPORTE,Acreedora,5,0,0,0,21450.6,31/01/2025,Profit Plus Contabilidad
301-01-02-01-01-03,CONTRATO,Acreedora,6,0,0,0,21450.6,31/01/2025,Profit Plus Contabilidad
301-01-03-,INCENDIO,Acreedora,3,0,0,0,1351787.04,31/01/2025,Profit Plus Contabilidad
301-01-03-01-,INCENDIO,Acreedora,4,0,0,0,1351787.04,31/01/2025,Profit Plus Contabilidad
301-01-03-01-01-,INCENDIO,Acreedora,5,0,0,0,1351787.04,31/01/2025,Profit Plus Contabilidad
301-01-03-01-01-01,FACULTATIVO,Acreedora,6,0,0,0,1239174.26,31/01/2025,Profit Plus Contabilidad
301-01-03-01-01-03,CONTRATO,Acreedora,6,0,0,0,112612.78,31/01/2025,Profit Plus Contabilidad
301-02-,SINIESTROS PAGADOS,Acreedora,2,0,0,0,2724664.52,31/01/2025,Profit Plus Contabilidad
301-02-01-,NEGOCIOS NACIONALES,Acreedora,3,0,0,0,0,31/01/2025,Profit Plus Contabilidad
301-02-01-02-,TRANSPORTE,Acreedora,4,0,0,0,0,31/01/2025,Profit Plus Contabilidad
301-02-01-02-01-,TRANSPORTE,Acreedora,5,0,0,0,0,31/01/2025,Profit Plus Contabilidad
301-02-01-02-01-01,FACULTATIVO,Acreedora,6,0,0,0,0,31/01/2025,Profit Plus Contabilidad
301-02-01-02-01-03,CONTRATO NO PROPORCIONAL,Acreedora,6,0,0,0,0,31/01/2025,Profit Plus Contabilidad
301-02-01-03-,INCENDIO,Acreedora,4,0,0,0,0,31/01/2025,Profit Plus Contabilidad
301-02-01-03-01-,INCENDIO,Acreedora,5,0,0,0,0,31/01/2025,Profit Plus Contabilidad
301-02-01-03-01-01,FACULTATIVO,Acreedora,6,0,0,0,0,31/01/2025,Profit Plus Contabilidad
301-02-01-03-01-03,CONTRATO PROPORCIONAL,Acreedora,6,0,0,0,0,31/01/2025,Profit Plus Contabilidad
301-02-01-04-,ACCIDENTES Y DIVERSOS,Acreedora,4,0,0,0,0,31/01/2025,Profit Plus Contabilidad
301-02-01-04-01-,ACCIDENTES Y DIVERSOS,Acreedora,5,0,0,0,0,31/01/2025,Profit Plus Contabilidad
301-02-01-04-01-01,FACULTATIVO,Acreedora,6,0,0,0,0,31/01/2025,Profit Plus Contabilidad
301-02-01-04-01-03,CONTRATO PROPORCIONAL,Acreedora,6,0,0,0,0,31/01/2025,Profit Plus Contabilidad
301-02-02-,NEGOCIOS EXTRANJEROS,Acreedora,3,0,0,0,11588.18,31/01/2025,Profit Plus Contabilidad
301-02-02-01-,VIDA,Acreedora,4,0,0,0,11588.18,31/01/2025,Profit Plus Contabilidad
301-02-02-01-01-,TRANSPORTE,Acreedora,5,0,0,0,11588.18,31/01/2025,Profit Plus Contabilidad
301-02-02-01-01-03,CONTRATO,Acreedora,6,0,0,0,11588.18,31/01/2025,Profit Plus Contabilidad
301-02-03-,INCENDIO,Acreedora,3,0,0,0,1927101.05,31/01/2025,Profit Plus Contabilidad
301-02-03-01-,INCENDIO,Acreedora,4,0,0,0,1927101.05,31/01/2025,Profit Plus Contabilidad
301-02-03-01-01-,INCENDIO,Acreedora,5,0,0,0,1927101.05,31/01/2025,Profit Plus Contabilidad
301-02-03-01-01-01,FACULTATIVO,Acreedora,6,0,0,0,841736.73,31/01/2025,Profit Plus Contabilidad
301-02-03-01-01-03,CONTRATO,Acreedora,6,0,0,0,1085364.32,31/01/2025,Profit Plus Contabilidad
301-02-04-,ACCIDENTES Y DIVERSOS,Acreedora,3,0,0,0,785975.29,31/01/2025,Profit Plus Contabilidad
301-02-04-01-,ACCIDENTES Y DIVERSOS,Acreedora,4,0,0,0,785975.29,31/01/2025,Profit Plus Contabilidad
301-02-04-01-01-,ACCIDENTES Y DIVERSOS,Acreedora,5,0,0,0,785975.29,31/01/2025,Profit Plus Contabilidad
301-02-04-01-01-03,CONTRATO,Acreedora,6,0,0,0,785975.29,31/01/2025,Profit Plus Contabilidad
302-,GASTOS DE ADQUISICION,Acreedora,1,14686327.08,3685391.98,0,0,31/01/2025,Profit Plus Contabilidad
302-01-,COMISIONES,Acreedora,2,11650627.09,3088396.14,0,0,31/01/2025,Profit Plus Contabilidad
302-01-01-,NEGOCIOS NACIONALES,Acreedora,3,11650627.09,3088396.14,0,0,31/01/2025,Profit Plus Contabilidad
302-01-01-02-,TRANSPORTE,Acreedora,4,2213400.15,1207256.39,0,0,31/01/2025,Profit Plus Contabilidad
302-01-01-02-01-,TRANSPORTE,Acreedora,5,2213400.15,1207256.39,0,0,31/01/2025,Profit Plus Contabilidad
302-01-01-02-01-01,FACULTATIVO,Acreedora,6,386576.79,25177.35,0,0,31/01/2025,Profit Plus Contabilidad
302-01-01-02-01-03,CONTRATO,Acreedora,6,1826823.36,1182079.04,0,0,31/01/2025,Profit Plus Contabilidad
302-01-01-03-,INCENDIO,Acreedora,4,6743542.67,1605327.78,0,0,31/01/2025,Profit Plus Contabilidad
302-01-01-03-01-,INCENDIO,Acreedora,5,6743542.67,1605327.78,0,0,31/01/2025,Profit Plus Contabilidad
302-01-01-03-01-01,FACULTATIVO,Acreedora,6,2922412.45,1439635.59,0,0,31/01/2025,Profit Plus Contabilidad
302-01-01-03-01-03,CONTRATO,Acreedora,6,3821130.22,165692.19,0,0,31/01/2025,Profit Plus Contabilidad
302-01-01-04-,ACCIDENTES Y DIVERSOS,Acreedora,4,2444060.91,275811.97,0,0,31/01/2025,Profit Plus Contabilidad
302-01-01-04-01-,ACCIDENTES Y DIVERSOS,Acreedora,5,2444060.91,275811.97,0,0,31/01/2025,Profit Plus Contabilidad
302-01-01-04-01-01,FACULTATIVO,Acreedora,6,826915.15,86450.29,0,0,31/01/2025,Profit Plus Contabilidad
302-01-01-04-01-03,CONTRATO,Acreedora,6,1617145.76,189361.68,0,0,31/01/2025,Profit Plus Contabilidad
302-01-01-05-,FIANZAS,Acreedora,4,249623.36,0,0,0,31/01/2025,Profit Plus Contabilidad
302-01-01-05-01-,FIANZAS,Acreedora,5,249623.36,0,0,0,31/01/2025,Profit Plus Contabilidad
302-01-01-05-01-01,FACULTATIVO,Acreedora,6,197004.3,0,0,0,31/01/2025,Profit Plus Contabilidad
302-01-01-05-01-03,CONTRATO,Acreedora,6,52619.06,0,0,0,31/01/2025,Profit Plus Contabilidad
302-02-,CORRETAJE DE INTERMEDIARIOS.,Acreedora,2,661521.86,0,0,0,31/01/2025,Profit Plus Contabilidad
302-02-01-,NEGOCIOS NACIONALES,Acreedora,3,661521.86,0,0,0,31/01/2025,Profit Plus Contabilidad
302-02-01-02-,TRANSPORTE,Acreedora,4,4191.91,0,0,0,31/01/2025,Profit Plus Contabilidad
302-02-01-02-01-,TRANSPORTE,Acreedora,5,4191.91,0,0,0,31/01/2025,Profit Plus Contabilidad
302-02-01-02-01-03,CONTRATO,Acreedora,6,4191.91,0,0,0,31/01/2025,Profit Plus Contabilidad
302-02-01-03-,INCENDIO,Acreedora,4,109812.01,0,0,0,31/01/2025,Profit Plus Contabilidad
302-02-01-03-01-,INCENDIO,Acreedora,5,109812.01,0,0,0,31/01/2025,Profit Plus Contabilidad
302-02-01-03-01-03,CONTRATO,Acreedora,6,109812.01,0,0,0,31/01/2025,Profit Plus Contabilidad
302-02-01-04-,ACCIDENTES Y DIVERSOS,Acreedora,4,0,0,0,0,31/01/2025,Profit Plus Contabilidad
302-02-01-04-01-,ACCIDENTES Y DIVERSOS,Acreedora,5,0,0,0,0,31/01/2025,Profit Plus Contabilidad
302-02-01-04-01-03,CONTRATO,Acreedora,6,0,0,0,0,31/01/2025,Profit Plus Contabilidad
302-02-01-04-01-04,CONTRATO NO PROPORCIONAL,Acreedora,6,0,0,0,0,31/01/2025,Profit Plus Contabilidad
302-03-,IMPUESTOS,Acreedora,2,0,0,596995.84,0,31/01/2025,Profit Plus Contabilidad
302-03-01-,NEGOCIOS NACIONALES,Acreedora,3,0,0,596995.84,0,31/01/2025,Profit Plus Contabilidad
302-03-01-02-,TRANSPORTE,Acreedora,4,0,0,223594.86,0,31/01/2025,Profit Plus Contabilidad
302-03-01-02-01-,IMPUESTOS MUNICIPALES,Acreedora,5,0,0,219106.49,0,31/01/2025,Profit Plus Contabilidad
302-03-01-02-01-01,FACULTATIVO,Acreedora,6,0,0,2693.23,0,31/01/2025,Profit Plus Contabilidad
302-03-01-02-01-03,CONTRATO,Acreedora,6,0,0,216413.26,0,31/01/2025,Profit Plus Contabilidad
302-03-01-02-02-,APORTE A LA SUPERINTENDENCIA,Acreedora,5,0,0,4488.37,0,31/01/2025,Profit Plus Contabilidad
302-03-01-02-02-01,FACULTATIVO,Acreedora,6,0,0,4488.37,0,31/01/2025,Profit Plus Contabilidad
302-03-01-03-,INCENDIO,Acreedora,4,0,0,309979.43,0,31/01/2025,Profit Plus Contabilidad
302-03-01-03-01-,IMPUESTOS MUNICIPALES,Acreedora,5,0,0,137754.05,0,31/01/2025,Profit Plus Contabilidad
302-03-01-03-01-01,FACULTATIVO,Acreedora,6,0,0,107867.3,0,31/01/2025,Profit Plus Contabilidad
302-03-01-03-01-03,CONTRATO,Acreedora,6,0,0,29886.75,0,31/01/2025,Profit Plus Contabilidad
302-03-01-03-02-,APORTE A LA SUPERINTENDENCIA,Acreedora,5,0,0,172225.38,0,31/01/2025,Profit Plus Contabilidad
302-03-01-03-02-01,FACULTATIVO,Acreedora,6,0,0,172225.38,0,31/01/2025,Profit Plus Contabilidad
302-03-01-04-,ACCIDENTES Y DIVERSOS,Acreedora,4,0,0,63421.55,0,31/01/2025,Profit Plus Contabilidad
302-03-01-04-01-,IMPUESTOS MUNICIPALES,Acreedora,5,0,0,45468.33,0,31/01/2025,Profit Plus Contabilidad
302-03-01-04-01-01,FACULTATIVO,Acreedora,6,0,0,10777.88,0,31/01/2025,Profit Plus Contabilidad
302-03-01-04-01-03,CONTRATO,Acreedora,6,0,0,34690.45,0,31/01/2025,Profit Plus Contabilidad
302-03-01-04-01-04,CONTRATO NO PROPORCIONAL,Acreedora,6,0,0,0,0,31/01/2025,Profit Plus Contabilidad
302-03-01-04-02-,APORTE A LA SUPERINTENDENCIA,Acreedora,5,0,0,17953.22,0,31/01/2025,Profit Plus Contabilidad
302-03-01-04-02-01,FACULTATIVO,Acreedora,6,0,0,17953.22,0,31/01/2025,Profit Plus Contabilidad
302-03-01-04-02-04,CONTRATO NO PROPORCIONAL,Acreedora,6,0,0,0,0,31/01/2025,Profit Plus Contabilidad
302-03-01-05-,FIANZAS.,Acreedora,4,0,0,0,0,31/01/2025,Profit Plus Contabilidad
302-03-01-05-01-,IMPUESTOS MUNICIPALES,Acreedora,5,0,0,0,0,31/01/2025,Profit Plus Contabilidad
302-03-01-05-01-01,FACULTATIVO,Acreedora,6,0,0,0,0,31/01/2025,Profit Plus Contabilidad
302-03-01-05-01-03,CONTRATO,Acreedora,6,0,0,0,0,31/01/2025,Profit Plus Contabilidad
302-03-01-05-02-,APORTE A LA SUPERINTENDENCIA,Acreedora,5,0,0,0,0,31/01/2025,Profit Plus Contabilidad
302-03-01-05-02-01,FACULTATIVO,Acreedora,6,0,0,0,0,31/01/2025,Profit Plus Contabilidad
302-04-,PARTICIPACION DE CEDENTES EN UTILIDADES.,Acreedora,2,0,0,0,0,31/01/2025,Profit Plus Contabilidad
302-04-01-,NEGOCIOS NACIONALES,Acreedora,3,0,0,0,0,31/01/2025,Profit Plus Contabilidad
302-04-01-02-,TRANSPORTE,Acreedora,4,0,0,0,0,31/01/2025,Profit Plus Contabilidad
302-04-01-02-01-,TRANSPORTE,Acreedora,5,0,0,0,0,31/01/2025,Profit Plus Contabilidad
302-04-01-02-01-03,CONTRATO,Acreedora,6,0,0,0,0,31/01/2025,Profit Plus Contabilidad
302-04-01-03-,INCENDIO,Acreedora,4,0,0,0,0,31/01/2025,Profit Plus Contabilidad
302-04-01-03-01-,INCENDIO,Acreedora,5,0,0,0,0,31/01/2025,Profit Plus Contabilidad
302-04-01-03-01-03,CONTRATO,Acreedora,6,0,0,0,0,31/01/2025,Profit Plus Contabilidad
302-04-01-04-,ACCIDENTES Y DIVERSOS,Acreedora,4,0,0,0,0,31/01/2025,Profit Plus Contabilidad
302-04-01-04-01-,ACCIDENTES Y DIVERSOS,Acreedora,5,0,0,0,0,31/01/2025,Profit Plus Contabilidad
302-04-01-04-01-03,CONTRATO,Acreedora,6,0,0,0,0,31/01/2025,Profit Plus Contabilidad
302-04-01-05-,FIANZAS.,Acreedora,4,0,0,0,0,31/01/2025,Profit Plus Contabilidad
302-04-01-05-01-,FIANZAS.,Acreedora,5,0,0,0,0,31/01/2025,Profit Plus Contabilidad
302-04-01-05-01-03,CONTRATO,Acreedora,6,0,0,0,0,31/01/2025,Profit Plus Contabilidad
303-,PRIMAS RETROCEDIDAS,Acreedora,1,0,0,21728590.1,0,31/01/2025,Profit Plus Contabilidad
303-01-,AL PAIS,Acreedora,2,0,0,10864295.05,0,31/01/2025,Profit Plus Contabilidad
303-01-01-,DE NEGOCIOS NACIONALES.,Acreedora,3,0,0,10864295.05,0,31/01/2025,Profit Plus Contabilidad
303-01-01-02-,TRANSPORTE,Acreedora,4,0,0,2454691.4,0,31/01/2025,Profit Plus Contabilidad
303-01-01-02-01-,TRANSPORTE,Acreedora,5,0,0,2454691.4,0,31/01/2025,Profit Plus Contabilidad
303-01-01-02-01-01,FACULTATIVO,Acreedora,6,0,0,2454691.4,0,31/01/2025,Profit Plus Contabilidad
303-01-01-03-,INCENDIO,Acreedora,4,0,0,7174799.53,0,31/01/2025,Profit Plus Contabilidad
303-01-01-03-01-,INCENDIO,Acreedora,5,0,0,7174799.53,0,31/01/2025,Profit Plus Contabilidad
303-01-01-03-01-01,FACULTATIVO,Acreedora,6,0,0,7174799.53,0,31/01/2025,Profit Plus Contabilidad
303-01-01-04-,ACCIDENTES Y DIVERSOS,Acreedora,4,0,0,1234804.12,0,31/01/2025,Profit Plus Contabilidad
303-01-01-04-01-,ACCIDENTES Y DIVERSOS,Acreedora,5,0,0,1234804.12,0,31/01/2025,Profit Plus Contabilidad
303-01-01-04-01-01,FACULTATIVO,Acreedora,6,0,0,1234804.12,0,31/01/2025,Profit Plus Contabilidad
303-02-,AL EXTERIOR,Acreedora,2,0,0,10864295.05,0,31/01/2025,Profit Plus Contabilidad
303-02-01-,NEGOCIOS NACIONALES,Acreedora,3,0,0,10864295.05,0,31/01/2025,Profit Plus Contabilidad
303-02-01-02-,TRANSPORTE,Acreedora,4,0,0,2454691.4,0,31/01/2025,Profit Plus Contabilidad
303-02-01-02-01-,TRANSPORTE,Acreedora,5,0,0,2454691.4,0,31/01/2025,Profit Plus Contabilidad
303-02-01-02-01-01,FACULTATIVO,Acreedora,6,0,0,2454691.4,0,31/01/2025,Profit Plus Contabilidad
303-02-01-03-,INCENDIO,Acreedora,4,0,0,7174799.53,0,31/01/2025,Profit Plus Contabilidad
303-02-01-03-01-,INCENDIO,Acreedora,5,0,0,7174799.53,0,31/01/2025,Profit Plus Contabilidad
303-02-01-03-01-01,FACULTATIVO,Acreedora,6,0,0,7174799.53,0,31/01/2025,Profit Plus Contabilidad
303-02-01-04-,ACCIDENTES Y DIVERSOS,Acreedora,4,0,0,1234804.12,0,31/01/2025,Profit Plus Contabilidad
303-02-01-04-01-,ACCIDENTES Y DIVERSOS,Acreedora,5,0,0,1234804.12,0,31/01/2025,Profit Plus Contabilidad
303-02-01-04-01-01,FACULTATIVO,Acreedora,6,0,0,1234804.12,0,31/01/2025,Profit Plus Contabilidad
303-02-01-05-,FIANZAS.,Acreedora,4,0,0,0,0,31/01/2025,Profit Plus Contabilidad
303-02-01-05-01-,FIANZAS.,Acreedora,5,0,0,0,0,31/01/2025,Profit Plus Contabilidad
303-02-01-05-01-01,FACULTATIVO,Acreedora,6,0,0,0,0,31/01/2025,Profit Plus Contabilidad
304-,RESERVAS DE PRIMAS,Acreedora,1,0,0,28748151.47,0,31/01/2025,Profit Plus Contabilidad
304-01-,NEGOCIOS NACIONALES,Acreedora,2,0,0,28748151.47,0,31/01/2025,Profit Plus Contabilidad
304-01-02-,TRANSPORTE,Acreedora,3,0,0,1705106.77,0,31/01/2025,Profit Plus Contabilidad
304-01-02-01-,TRANSPORTE,Acreedora,4,0,0,1705106.77,0,31/01/2025,Profit Plus Contabilidad
304-01-02-01-01-,TRANSPORTE,Acreedora,5,0,0,1705106.77,0,31/01/2025,Profit Plus Contabilidad
304-01-02-01-01-01,FACULTATIVO,Acreedora,6,0,0,428716.8,0,31/01/2025,Profit Plus Contabilidad
304-01-02-01-01-03,CONTRATO,Acreedora,6,0,0,1276389.97,0,31/01/2025,Profit Plus Contabilidad
304-01-03-,INCENDIO,Acreedora,3,0,0,21359128.51,0,31/01/2025,Profit Plus Contabilidad
304-01-03-01-,INCENDIO,Acreedora,4,0,0,21359128.51,0,31/01/2025,Profit Plus Contabilidad
304-01-03-01-01-,INCENDIO,Acreedora,5,0,0,21359128.51,0,31/01/2025,Profit Plus Contabilidad
304-01-03-01-01-01,FACULTATIVO,Acreedora,6,0,0,20840637.06,0,31/01/2025,Profit Plus Contabilidad
304-01-03-01-01-03,CONTRATO,Acreedora,6,0,0,518491.45,0,31/01/2025,Profit Plus Contabilidad
304-01-04-,ACCIDENTES Y DIVERSOS,Acreedora,3,0,0,5332121.16,0,31/01/2025,Profit Plus Contabilidad
304-01-04-01-,ACCIDENTES Y DIVERSOS,Acreedora,4,0,0,5332121.16,0,31/01/2025,Profit Plus Contabilidad
304-01-04-01-01-,ACCIDENTES Y DIVERSOS,Acreedora,5,0,0,5332121.16,0,31/01/2025,Profit Plus Contabilidad
,,Deudora,1,0,0,3807128.38,0,31/01/2025,Profit Plus Contabilidad
304-01-04-01-01-01,FACULTATIVO,Acreedora,6,0,3807128.38,0,0,31/01/2025,Profit Plus Contabilidad
304-01-04-01-01-03,CONTRATO,Acreedora,6,0,656277.01,0,0,31/01/2025,Profit Plus Contabilidad
304-01-04-01-01-04,CONTRATO NO PROPORCIONAL,Acreedora,6,0,868715.77,0,0,31/01/2025,Profit Plus Contabilidad
304-01-05-,FIANZAS,Acreedora,3,0,351795.03,0,0,31/01/2025,Profit Plus Contabilidad
304-01-05-01-,FIANZAS,Acreedora,4,0,351795.03,0,0,31/01/2025,Profit Plus Contabilidad
304-01-05-01-01-,FIANZAS,Acreedora,5,0,351795.03,0,0,31/01/2025,Profit Plus Contabilidad
304-01-05-01-01-01,FACULTATIVO,Acreedora,6,0,343571.56,0,0,31/01/2025,Profit Plus Contabilidad
304-01-05-01-01-03,CONTRATO,Acreedora,6,0,8223.47,0,0,31/01/2025,Profit Plus Contabilidad
305-,RESERVAS PARA PRESTACIONES Y SINIESTROS PENDIENT,Acreedora,1,0,805697.79,0,0,31/01/2025,Profit Plus Contabilidad
305-01-,NEGOCIOS NACIONALES,Acreedora,2,0,805697.79,0,0,31/01/2025,Profit Plus Contabilidad
305-01-03-,INCENDIO,Acreedora,3,0,796330.69,0,0,31/01/2025,Profit Plus Contabilidad
305-01-03-01-,INCENDIO,Acreedora,4,0,796330.69,0,0,31/01/2025,Profit Plus Contabilidad
305-01-03-01-01-,INCENDIO,Acreedora,5,0,796330.69,0,0,31/01/2025,Profit Plus Contabilidad
305-01-03-01-01-01,FACULTATIVO,Acreedora,6,0,796330.69,0,0,31/01/2025,Profit Plus Contabilidad
305-01-04-,ACCIDENTES Y DIVERSOS,Acreedora,3,0,9367.1,0,0,31/01/2025,Profit Plus Contabilidad
305-01-04-01-,ACCIDENTES Y DIVERSOS,Acreedora,4,0,9367.1,0,0,31/01/2025,Profit Plus Contabilidad
305-01-04-01-01-,ACCIDENTES Y DIVERSOS,Acreedora,5,0,9367.1,0,0,31/01/2025,Profit Plus Contabilidad
305-01-04-01-01-01,FACULTATIVO,Acreedora,6,0,9367.1,0,0,31/01/2025,Profit Plus Contabilidad
308-,RESERVAS PARA SINIESTROS OCURRIDOS Y NO NOTIFICA,Acreedora,1,0,1701.37,0,0,31/01/2025,Profit Plus Contabilidad
308-01-,NEGOCIOS NACIONALES.,Acreedora,2,0,1701.37,0,0,31/01/2025,Profit Plus Contabilidad
308-01-03-,INCENDIO,Acreedora,3,0,1701.37,0,0,31/01/2025,Profit Plus Contabilidad
308-01-03-01-,INCENDIO,Acreedora,4,0,1701.37,0,0,31/01/2025,Profit Plus Contabilidad
308-01-03-01-01-,INCENDIO,Acreedora,5,0,1701.37,0,0,31/01/2025,Profit Plus Contabilidad
308-01-03-01-01-01,FACULTATIVO,Acreedora,6,0,1701.37,0,0,31/01/2025,Profit Plus Contabilidad
309-,RESERVAS PARA RIESGOS CATASTRÓFICOS,Acreedora,1,0,12057.33,0,0,31/01/2025,Profit Plus Contabilidad
309-07-,OTROS RIESGOS CATASTRÓFICOS,Acreedora,2,0,12057.33,0,0,31/01/2025,Profit Plus Contabilidad
309-07-01-,OTROS RIESGOS CATASTRÓFICOS,Acreedora,3,0,12057.33,0,0,31/01/2025,Profit Plus Contabilidad
309-07-01-01-,OTROS RIESGOS CATASTRÓFICOS,Acreedora,4,0,12057.33,0,0,31/01/2025,Profit Plus Contabilidad
309-07-01-01-01-,OTROS RIESGOS CATASTRÓFICOS,Acreedora,5,0,12057.33,0,0,31/01/2025,Profit Plus Contabilidad
309-07-01-01-01-01,OTROS RIESGOS CATASTRÓFICOS,Acreedora,6,0,12057.33,0,0,31/01/2025,Profit Plus Contabilidad
311-,EGRESOS FINANCIEROS,Acreedora,1,0,9775.41,0,0,31/01/2025,Profit Plus Contabilidad
311-01-,INTERESES PAGADOS,Acreedora,2,0,0,0,0,31/01/2025,Profit Plus Contabilidad
311-01-03-,OBLIGACIONES DOCUMENTADAS,Acreedora,3,0,0,0,0,31/01/2025,Profit Plus Contabilidad
311-01-03-01-,OBLIGACIONES DOCUMENTADAS,Acreedora,4,0,0,0,0,31/01/2025,Profit Plus Contabilidad
311-01-03-01-01-,OBLIGACIONES DOCUMENTADAS,Acreedora,5,0,0,0,0,31/01/2025,Profit Plus Contabilidad
311-01-03-01-01-01,OBLIGACIONES DOCUMENTADAS,Acreedora,6,0,0,0,0,31/01/2025,Profit Plus Contabilidad
311-02-,COMISIONES PAGADAS,Acreedora,2,0,9775.41,0,0,31/01/2025,Profit Plus Contabilidad
311-02-04-,OPERACIONES BANCARIAS,Acreedora,3,0,9775.41,0,0,31/01/2025,Profit Plus Contabilidad
311-02-04-01-,OPERACIONES BANCARIAS,Acreedora,4,0,9775.41,0,0,31/01/2025,Profit Plus Contabilidad
311-02-04-01-01-,OPERACIONES BANCARIAS,Acreedora,5,0,9775.41,0,0,31/01/2025,Profit Plus Contabilidad
311-02-04-01-01-01,COMISIONES BANCARIAS,Acreedora,6,0,9775.41,0,0,31/01/2025,Profit Plus Contabilidad
312-,AJUSTE DE VALORES Y OTROS ACTIVOS,Acreedora,1,0,28391.59,0,0,31/01/2025,Profit Plus Contabilidad
312-02-,AJUSTE DE ACTIVOS DEPRECIABLES,Acreedora,2,0,28391.59,0,0,31/01/2025,Profit Plus Contabilidad
312-02-01-,PREDIOS URBANOS EDIFICADOS,Acreedora,3,0,643.85,0,0,31/01/2025,Profit Plus Contabilidad
312-02-01-01-,PREDIOS URBANOS EDIFICADOS,Acreedora,4,0,643.85,0,0,31/01/2025,Profit Plus Contabilidad
312-02-01-01-01-,PREDIOS URBANOS EDIFICADOS,Acreedora,5,0,643.85,0,0,31/01/2025,Profit Plus Contabilidad
312-02-01-01-01-01,PREDIOS URBANOS EDIFICADOS,Acreedora,6,0,643.85,0,0,31/01/2025,Profit Plus Contabilidad
312-02-03-,MOBILIARIO,Acreedora,3,0,1090.81,0,0,31/01/2025,Profit Plus Contabilidad
312-02-03-01-,MOBILIARIO,Acreedora,4,0,1090.81,0,0,31/01/2025,Profit Plus Contabilidad
312-02-03-01-01-,MOBILIARIO,Acreedora,5,0,1090.81,0,0,31/01/2025,Profit Plus Contabilidad
312-02-03-01-01-01,MOBILIARIO,Acreedora,6,0,1090.81,0,0,31/01/2025,Profit Plus Contabilidad
312-02-04-,EQUIPO DE OFICINA,Acreedora,3,0,581.91,0,0,31/01/2025,Profit Plus Contabilidad
312-02-04-01-,EQUIPO DE OFICINA,Acreedora,4,0,0,581.91,0,31/01/2025,Profit Plus Contabilidad
312-02-04-01-01-,EQUIPO DE OFICINA,Acreedora,5,0,0,581.91,0,31/01/2025,Profit Plus Contabilidad
312-02-04-01-01-01,EQUIPO DE OFICINA,Acreedora,6,0,0,581.91,0,31/01/2025,Profit Plus Contabilidad
312-02-05-,EQUIPOS DE COMPUTACION,Acreedora,3,0,0,26075.02,0,31/01/2025,Profit Plus Contabilidad
312-02-05-01-,EQUIPOS DE COMPUTACION,Acreedora,4,0,0,26075.02,0,31/01/2025,Profit Plus Contabilidad
312-02-05-01-01-,EQUIPOS DE COMPUTACION,Acreedora,5,0,0,26075.02,0,31/01/2025,Profit Plus Contabilidad
312-02-05-01-01-01,EQUIPOS DE COMPUTACION,Acreedora,6,0,0,26075.02,0,31/01/2025,Profit Plus Contabilidad
315-,GASTOS DE ADMINISTRACION,Acreedora,1,0,0,4651931.15,0,31/01/2025,Profit Plus Contabilidad
315-01-,REMUNERACIONES,Acreedora,2,0,0,111438.5,0,31/01/2025,Profit Plus Contabilidad
315-01-01-,REMUNERACIONES,Acreedora,3,0,0,111438.5,0,31/01/2025,Profit Plus Contabilidad
315-01-01-01-,REMUNERACIONES,Acreedora,4,0,0,111438.5,0,31/01/2025,Profit Plus Contabilidad
315-01-01-01-01-,REMUNERACIONES,Acreedora,5,0,0,111438.5,0,31/01/2025,Profit Plus Contabilidad
315-01-01-01-01-01,SUELDOS,Acreedora,6,0,0,111438.5,0,31/01/2025,Profit Plus Contabilidad
315-02-,PRESTACIONES LEGALES,Acreedora,2,0,0,468620.11,0,31/01/2025,Profit Plus Contabilidad
315-02-01-,PRESTACIONES LEGALES,Acreedora,3,0,0,468620.11,0,31/01/2025,Profit Plus Contabilidad
315-02-01-01-,PRESTACIONES LEGALES,Acreedora,4,0,0,468620.11,0,31/01/2025,Profit Plus Contabilidad
315-02-01-01-01-,PRESTACIONES LEGALES,Acreedora,5,0,0,468620.11,0,31/01/2025,Profit Plus Contabilidad
315-02-01-01-01-01,PRESTACIONES SOCIALES,Acreedora,6,0,0,393068.3,0,31/01/2025,Profit Plus Contabilidad
315-02-01-01-01-02,INTERESES  S/PRESTACIONES SOCIALES,Acreedora,6,0,0,9009.81,0,31/01/2025,Profit Plus Contabilidad
315-02-01-01-01-03,VACACIONES,Acreedora,6,0,0,32364,0,31/01/2025,Profit Plus Contabilidad
315-02-01-01-01-04,UTILIDADES LEGALES,Acreedora,6,0,0,34178,0,31/01/2025,Profit Plus Contabilidad
315-03-,OTRAS PRESTACIONES,Acreedora,2,0,0,129496.77,0,31/01/2025,Profit Plus Contabilidad
315-03-01-,OTRAS PRESTACIONES,Acreedora,3,0,0,129496.77,0,31/01/2025,Profit Plus Contabilidad
315-03-01-01-,OTRAS PRESTACIONES,Acreedora,4,0,0,129496.77,0,31/01/2025,Profit Plus Contabilidad
315-03-01-01-01-,OTRAS PRESTACIONES,Acreedora,5,0,0,129496.77,0,31/01/2025,Profit Plus Contabilidad
315-03-01-01-01-01,BONO VACACIONAL,Acreedora,6,0,0,16750.87,0,31/01/2025,Profit Plus Contabilidad
315-03-01-01-01-03,SEGURO DEL PERSONAL,Acreedora,6,0,0,112745.9,0,31/01/2025,Profit Plus Contabilidad
315-04-,OTROS GASTOS DE PERSONAL,Acreedora,2,0,0,193716.56,0,31/01/2025,Profit Plus Contabilidad
315-04-01-,OTROS GASTOS DE PERSONAL,Acreedora,3,0,0,193716.56,0,31/01/2025,Profit Plus Contabilidad
315-04-01-01-,OTROS GASTOS DE PERSONAL,Acreedora,4,0,0,193716.56,0,31/01/2025,Profit Plus Contabilidad
315-04-01-01-01-,OTROS GASTOS DE PERSONAL,Acreedora,5,0,0,193716.56,0,31/01/2025,Profit Plus Contabilidad
315-04-01-01-01-03,COLABORACIÓN ESCOLAR,Acreedora,6,0,0,61780.93,0,31/01/2025,Profit Plus Contabilidad
315-04-01-01-01-04,BONO ALIMENTACION,Acreedora,6,0,0,67112,0,31/01/2025,Profit Plus Contabilidad
315-04-01-01-01-09,BONO DE TRANSPORTE,Acreedora,6,0,0,26235,0,31/01/2025,Profit Plus Contabilidad
315-04-01-01-01-10,BONO POR RENTA Y CONEXIÓN,Acreedora,6,0,0,26235,0,31/01/2025,Profit Plus Contabilidad
315-04-01-01-01-11,GIMNASIO,Acreedora,6,0,0,12353.63,0,31/01/2025,Profit Plus Contabilidad
315-05-,CONTRIBUCIONES,Acreedora,2,0,0,32272.99,0,31/01/2025,Profit Plus Contabilidad
315-05-01-,CONTRIBUCIONES,Acreedora,3,0,0,32272.99,0,31/01/2025,Profit Plus Contabilidad
315-05-01-01-,CONTRIBUCIONES,Acreedora,4,0,0,32272.99,0,31/01/2025,Profit Plus Contabilidad
315-05-01-01-01-,CONTRIBUCIONES,Acreedora,5,0,0,32272.99,0,31/01/2025,Profit Plus Contabilidad
315-05-01-01-01-01,IVSS APORTE PATRONAL,Acreedora,6,0,0,1107,0,31/01/2025,Profit Plus Contabilidad
315-05-01-01-01-02,SEGURO PARO FORZOSO APORTE PATRONAL,Acreedora,6,0,0,492,0,31/01/2025,Profit Plus Contabilidad
315-05-01-01-01-03,FONDO DE AHORRO OBLIGATORIO APORTE PATRONAL,Acreedora,6,0,0,1738.53,0,31/01/2025,Profit Plus Contabilidad
315-05-01-01-01-05,INCE,Acreedora,6,0,0,2698.17,0,31/01/2025,Profit Plus Contabilidad
315-05-01-01-01-06,LEY DE PROTECCIÓN DE PENSIONES,Acreedora,6,0,0,26237.29,0,31/01/2025,Profit Plus Contabilidad
315-06-,REPARACIONES ORDINARIAS Y MANTENIMIENTO,Acreedora,2,0,0,177864.86,0,31/01/2025,Profit Plus Contabilidad
315-06-01-,REPARACIONES ORDINARIAS Y MANTENIMIENTO,Acreedora,3,0,0,177864.86,0,31/01/2025,Profit Plus Contabilidad
315-06-01-01-,REPARACIONES ORDINARIAS Y MANTENIMIENTO,Acreedora,4,0,0,177864.86,0,31/01/2025,Profit Plus Contabilidad
315-06-01-01-01-,REPARACIONES ORDINARIAS Y MANTENIMIENTO,Acreedora,5,0,0,177864.86,0,31/01/2025,Profit Plus Contabilidad
315-06-01-01-01-01,MOBILIARIO,Acreedora,6,0,0,3655.95,0,31/01/2025,Profit Plus Contabilidad
315-06-01-01-01-02,VEHICULOS,Acreedora,6,0,0,20986.83,0,31/01/2025,Profit Plus Contabilidad
315-06-01-01-01-03,EQUIPOS DE COMPUTACION,Acreedora,6,0,0,149566.13,0,31/01/2025,Profit Plus Contabilidad
,,Deudora,1,0,3655.95,0,0,31/01/2025,Profit Plus Contabilidad
315-06-01-01-01-04,INSTALACIONES,Acreedora,6,3655.95,0,0,116932.08,31/01/2025,Profit Plus Contabilidad
315-07-,PRIMAS DE SEGUROS (RIESGOS PROPIOS),Acreedora,2,614.49,0,0,4301.43,31/01/2025,Profit Plus Contabilidad
315-07-01-,PRIMAS DE SEGUROS (RIESGOS PROPIOS),Acreedora,3,614.49,0,0,4301.43,31/01/2025,Profit Plus Contabilidad
315-07-01-01-,PRIMAS DE SEGUROS (RIESGOS PROPIOS),Acreedora,4,614.49,0,0,4301.43,31/01/2025,Profit Plus Contabilidad
315-07-01-01-01-,PRIMAS DE SEGUROS (RIESGOS PROPIOS),Acreedora,5,614.49,0,0,4301.43,31/01/2025,Profit Plus Contabilidad
315-07-01-01-01-01,PRIMAS DE SEGUROS (RIESGOS PROPIOS),Acreedora,6,614.49,0,0,4301.43,31/01/2025,Profit Plus Contabilidad
315-09-,PUBLICIDAD E IMAGEN,Acreedora,2,117930.24,0,0,84282.12,31/01/2025,Profit Plus Contabilidad
315-09-01-,PUBLICIDAD E IMAGEN,Acreedora,3,117930.24,0,0,84282.12,31/01/2025,Profit Plus Contabilidad
315-09-01-01-,PUBLICIDAD E IMAGEN,Acreedora,4,117930.24,0,0,84282.12,31/01/2025,Profit Plus Contabilidad
315-09-01-01-01-,PUBLICIDAD E IMAGEN,Acreedora,5,117930.24,0,0,84282.12,31/01/2025,Profit Plus Contabilidad
315-09-01-01-01-01,PUBLICIDAD E IMAGEN,Acreedora,6,58965.12,0,0,84282.12,31/01/2025,Profit Plus Contabilidad
315-09-01-01-01-02,PUBLICACION EN PRENSA,Acreedora,6,58965.12,0,0,0,31/01/2025,Profit Plus Contabilidad
315-10-,SERVICIOS BÁSICOS,Acreedora,2,43192.72,0,0,224840.09,31/01/2025,Profit Plus Contabilidad
315-10-01-,SERVICIOS BÁSICOS,Acreedora,3,43192.72,0,0,224840.09,31/01/2025,Profit Plus Contabilidad
315-10-01-01-,SERVICIOS BÁSICOS,Acreedora,4,43192.72,0,0,224840.09,31/01/2025,Profit Plus Contabilidad
315-10-01-01-01-,SERVICIOS BÁSICOS,Acreedora,5,43192.72,0,0,224840.09,31/01/2025,Profit Plus Contabilidad
315-10-01-01-01-01,ENERGIA ELECTRICA,Acreedora,6,8057.08,0,0,35207.57,31/01/2025,Profit Plus Contabilidad
315-10-01-01-01-02,TELEFONO E INTERNET,Acreedora,6,27635.1,0,0,148772.31,31/01/2025,Profit Plus Contabilidad
315-10-01-01-01-05,SERVICIO DE ASEO,Acreedora,6,7500.54,0,0,40860.21,31/01/2025,Profit Plus Contabilidad
315-11-,ALQUILERES,Acreedora,2,210292.97,0,0,1119998.37,31/01/2025,Profit Plus Contabilidad
315-11-01-,ALQUILERES,Acreedora,3,210292.97,0,0,1119998.37,31/01/2025,Profit Plus Contabilidad
315-11-01-01-,ALQUILERES,Acreedora,4,210292.97,0,0,1119998.37,31/01/2025,Profit Plus Contabilidad
315-11-01-01-01-,ALQUILERES,Acreedora,5,210292.97,0,0,1119998.37,31/01/2025,Profit Plus Contabilidad
315-11-01-01-01-01,ALQUILER OFICINA,Acreedora,6,210292.97,0,0,1119998.37,31/01/2025,Profit Plus Contabilidad
315-12-,RELACIONES,Acreedora,2,126745.03,0,0,911132.47,31/01/2025,Profit Plus Contabilidad
315-12-01-,RELACIONES,Acreedora,3,126745.03,0,0,911132.47,31/01/2025,Profit Plus Contabilidad
315-12-01-01-,RELACIONES,Acreedora,4,126745.03,0,0,911132.47,31/01/2025,Profit Plus Contabilidad
315-12-01-01-01-,RELACIONES,Acreedora,5,126745.03,0,0,911132.47,31/01/2025,Profit Plus Contabilidad
315-12-01-01-01-01,RELACIONES PÚBLICAS,Acreedora,6,12268,0,0,145902.73,31/01/2025,Profit Plus Contabilidad
315-12-01-01-01-02,RELACIONES INDUSTRIALES,Acreedora,6,61232.69,0,0,403780.93,31/01/2025,Profit Plus Contabilidad
315-12-01-01-01-03,ASOCIACIONES,Acreedora,6,53244.34,0,0,361448.81,31/01/2025,Profit Plus Contabilidad
315-13-,SERVICIOS PROFESIONALES,Acreedora,2,2856412.15,0,0,3681446.81,31/01/2025,Profit Plus Contabilidad
315-13-01-,SERVICIOS PROFESIONALES,Acreedora,3,2856412.15,0,0,3681446.81,31/01/2025,Profit Plus Contabilidad
315-13-01-01-,SERVICIOS PROFESIONALES,Acreedora,4,2856412.15,0,0,3681446.81,31/01/2025,Profit Plus Contabilidad
315-13-01-01-01-,SERVICIOS PROFESIONALES,Acreedora,5,2856412.15,0,0,3681446.81,31/01/2025,Profit Plus Contabilidad
315-13-01-01-01-02,ASESORIA FINANCIERA,Acreedora,6,2856412.15,0,0,3681446.81,31/01/2025,Profit Plus Contabilidad
315-16-,OTROS GASTOS GENERALES,Acreedora,2,181907.54,0,0,2498489.97,31/01/2025,Profit Plus Contabilidad
315-16-01-,OTROS GASTOS GENERALES,Acreedora,3,181907.54,0,0,2498489.97,31/01/2025,Profit Plus Contabilidad
315-16-01-01-,OTROS GASTOS GENERALES,Acreedora,4,181907.54,0,0,2498489.97,31/01/2025,Profit Plus Contabilidad
315-16-01-01-01-,OTROS GASTOS GENERALES,Acreedora,5,181907.54,0,0,2498489.97,31/01/2025,Profit Plus Contabilidad
315-16-01-01-01-01,ARTICULOS DE OFICINA,Acreedora,6,0,0,0,13555.22,31/01/2025,Profit Plus Contabilidad
315-16-01-01-01-03,GASTOS LEGALES,Acreedora,6,56714.06,0,0,1634245.52,31/01/2025,Profit Plus Contabilidad
315-16-01-01-01-06,ADIESTRAMIENTO Y CAPACITACIONES,Acreedora,6,0,0,0,62791.65,31/01/2025,Profit Plus Contabilidad
315-16-01-01-01-08,ARTICULOS DE ASEO Y LIMPIEZA,Acreedora,6,10666.91,0,0,42536.59,31/01/2025,Profit Plus Contabilidad
315-16-01-01-01-09,GASTOS MISCELANEOS,Acreedora,6,14156.8,0,0,153425.08,31/01/2025,Profit Plus Contabilidad
315-16-01-01-01-10,ESTACIONAMIENTO,Acreedora,6,5777.31,0,0,24226.74,31/01/2025,Profit Plus Contabilidad
315-16-01-01-01-11,CONDOMINIO,Acreedora,6,55319.84,0,0,286479.33,31/01/2025,Profit Plus Contabilidad
315-16-01-01-01-12,FLETES Y TRANSPORTES,Acreedora,6,0,0,0,3475.51,31/01/2025,Profit Plus Contabilidad
315-16-01-01-01-13,TRASLADOS,Acreedora,6,4894.18,0,0,56403.59,31/01/2025,Profit Plus Contabilidad
315-16-01-01-01-14,DIETAS A DIRECTIVOS,Acreedora,6,34378.44,0,0,221350.74,31/01/2025,Profit Plus Contabilidad
315-17-,GASTOS NO DEDUCIBLES,Acreedora,2,1426.22,0,0,39833.37,31/01/2025,Profit Plus Contabilidad
315-17-01-,GASTOS NO DEDUCIBLES,Acreedora,3,1426.22,0,0,39833.37,31/01/2025,Profit Plus Contabilidad
315-17-01-01-,GASTOS NO DEDUCIBLES,Acreedora,4,1426.22,0,0,39833.37,31/01/2025,Profit Plus Contabilidad
315-17-01-01-01-,GASTOS NO DEDUCIBLES,Acreedora,5,1426.22,0,0,39833.37,31/01/2025,Profit Plus Contabilidad
315-17-01-01-01-02,I.G.T.F.,Acreedora,6,1426.22,0,0,36276.57,31/01/2025,Profit Plus Contabilidad
315-17-01-01-01-03,MULTAS,Acreedora,6,0,0,0,3556.8,31/01/2025,Profit Plus Contabilidad
316-,AJUSTES DE RESERVAS DE PROVISION,Acreedora,1,245715.29,0,0,840675.37,31/01/2025,Profit Plus Contabilidad
316-01-,IMPUESTOS Y CONTRIBUCIONES POR PAGAR,Acreedora,2,245715.29,0,0,840675.37,31/01/2025,Profit Plus Contabilidad
316-01-01-,IMPUESTOS,Acreedora,3,176666.25,0,0,580737.84,31/01/2025,Profit Plus Contabilidad
316-01-01-06-,IMPUESTOS MUNICIPALES,Acreedora,4,176666.25,0,0,580737.84,31/01/2025,Profit Plus Contabilidad
316-01-01-06-01-,IMPUESTOS MUNICIPALES,Acreedora,5,176666.25,0,0,580737.84,31/01/2025,Profit Plus Contabilidad
316-01-01-06-01-01,IMPUESTOS MUNICIPALES,Acreedora,6,176666.25,0,0,580737.84,31/01/2025,Profit Plus Contabilidad
316-01-02-,CONTRIBUCIONES,Acreedora,3,69049.04,0,0,259937.53,31/01/2025,Profit Plus Contabilidad
316-01-02-10-,LEY ORGANICA DE CIENCIAS Y TECNOLOGÍA E INFORMACI,Acreedora,4,69049.04,0,0,259937.53,31/01/2025,Profit Plus Contabilidad
316-01-02-10-01-,LEY ORGANICA DE CIENCIAS Y TECNOLOGÍA E INFORMAC,Acreedora,5,69049.04,0,0,259937.53,31/01/2025,Profit Plus Contabilidad
316-01-02-10-01-01,LEY ORGANICA DE CIENCIAS Y TECNOLOGÍA E INFORMAC,Acreedora,6,69049.04,0,0,259937.53,31/01/2025,Profit Plus Contabilidad
317-,OTROS EGRESOS,Acreedora,1,10712386.88,0,0,34922937.71,31/01/2025,Profit Plus Contabilidad
317-01-,DIFERENCIAS EN CAMBIO,Acreedora,2,10545128.57,0,0,34562957.98,31/01/2025,Profit Plus Contabilidad
317-01-01-,SOBRE OPERACIONES TECNICAS,Acreedora,3,9769864.3,0,0,29282237.52,31/01/2025,Profit Plus Contabilidad
317-01-01-01-,RESERVAS TÉCNICAS,Acreedora,4,6116114.17,0,0,9322712.61,31/01/2025,Profit Plus Contabilidad
317-01-01-01-01-,RESERVAS MATEMÁTICAS,Acreedora,5,3552522.19,0,0,0,31/01/2025,Profit Plus Contabilidad
317-01-01-01-01-01,DIFERENCIAL CAMBIARIO TÉCNICO,Acreedora,6,2629742.55,0,0,0,31/01/2025,Profit Plus Contabilidad
317-01-01-01-01-03,DIFERENCIAL CAMBIARIO TÉCNICO,Acreedora,6,922779.64,0,0,0,31/01/2025,Profit Plus Contabilidad
317-01-01-01-02-,RESERVAS PARA RIESGOS EN CURSO,Acreedora,5,2555589.89,0,0,8872411.79,31/01/2025,Profit Plus Contabilidad
317-01-01-01-02-01,NEGOCIOS NACIONALES,Acreedora,6,2555589.89,0,0,8872411.79,31/01/2025,Profit Plus Contabilidad
317-01-01-01-03-,RESERVA PARA SINIESTROS PENDIENTES,Acreedora,5,0,0,0,426752.49,31/01/2025,Profit Plus Contabilidad
317-01-01-01-03-01,NEGOCIOS NACIONALES,Acreedora,6,0,0,0,426752.49,31/01/2025,Profit Plus Contabilidad
317-01-01-01-04-,RESERVAS PARA SINIESTROS NO NOTIFICADOS,Acreedora,5,568,0,0,598.51,31/01/2025,Profit Plus Contabilidad
317-01-01-01-04-01,NEGOCIOS NACIONALES,Acreedora,6,568,0,0,598.51,31/01/2025,Profit Plus Contabilidad
317-01-01-01-05-,RESERVAS PARA RIESGOS CATASTRÓFICOS,Acreedora,5,7434.09,0,0,22949.82,31/01/2025,Profit Plus Contabilidad
317-01-01-01-05-01,NEGOCIOS NACIONALES,Acreedora,6,7434.09,0,0,22949.82,31/01/2025,Profit Plus Contabilidad
317-01-01-03-,OTRAS OPERACIONES TÉCNICAS,Acreedora,4,3653750.13,0,0,19959524.91,31/01/2025,Profit Plus Contabilidad
317-01-01-03-01-,NEGOCIOS NACIONALES,Acreedora,5,3653750.13,0,0,19959524.91,31/01/2025,Profit Plus Contabilidad
317-01-01-03-01-01,DIFERENCIAL CAMBIARIO TÉCNICO,Acreedora,6,3653750.13,0,0,19959524.91,31/01/2025,Profit Plus Contabilidad
317-01-02-,PÉRDIDA FINANCIERA,Acreedora,3,775264.27,0,0,5280720.46,31/01/2025,Profit Plus Contabilidad
317-01-02-01-,PÉRDIDA FINANCIERA,Acreedora,4,775264.27,0,0,5280720.46,31/01/2025,Profit Plus Contabilidad
317-01-02-01-01-,PÉRDIDA FINANCIERA,Acreedora,5,775264.27,0,0,5280720.46,31/01/2025,Profit Plus Contabilidad
317-01-02-01-01-01,POSICIÓN MONEDA EXTRANJERA,Acreedora,6,29762.6,0,0,148688.63,31/01/2025,Profit Plus Contabilidad
317-01-02-01-01-02,DIFERENCIAL CAMBIARIO ADMINISTRATIVO,Acreedora,6,745501.67,0,0,5132031.83,31/01/2025,Profit Plus Contabilidad
317-02-,DIFERENCIAS EN COBRANZAS,Acreedora,2,167258.31,0,0,7508.53,31/01/2025,Profit Plus Contabilidad
317-02-01-,DIFERENCIAS EN COBRANZAS,Acreedora,3,167258.31,0,0,7508.53,31/01/2025,Profit Plus Contabilidad
317-02-01-01-,DIFERENCIAS EN COBRANZAS,Acreedora,4,167258.31,0,0,7508.53,31/01/2025,Profit Plus Contabilidad
317-02-01-01-01-,DIFERENCIAS EN COBRANZAS,Acreedora,5,167258.31,0,0,7508.53,31/01/2025,Profit Plus Contabilidad
317-02-01-01-01-01,DIFERENCIAS EN COBRANZAS,Acreedora,6,167258.31,0,0,7508.53,31/01/2025,Profit Plus Contabilidad
317-04-,EGRESOS MICELANEOS,Acreedora,2,0,0,0,352471.2,31/01/2025,Profit Plus Contabilidad
317-04-01-,EGRESOS MICELANEOS,Acreedora,3,0,0,0,352471.2,31/01/2025,Profit Plus Contabilidad
317-04-01-01-,EGRESOS MICELANEOS,Acreedora,4,0,0,0,352471.2,31/01/2025,Profit Plus Contabilidad
317-04-01-01-01-,EGRESOS MICELANEOS,Acreedora,5,0,0,0,352471.2,31/01/2025,Profit Plus Contabilidad
317-04-01-01-01-02,EFECTOS DE AÑOS ANTERIORES,Acreedora,6,0,0,0,352471.2,31/01/2025,Profit Plus Contabilidad
401-,RESERVAS TECNICAS,Acreedora,1,26756850.86,0,0,-30549130.58,31/01/2025,Profit Plus Contabilidad
401-02-,RIESGOS EN CURSO,Acreedora,2,26756850.86,0,0,-28431203.11,31/01/2025,Profit Plus Contabilidad
401-02-01-,NEGOCIOS NACIONALES,Acreedora,3,26756850.86,0,0,-28431203.11,31/01/2025,Profit Plus Contabilidad
401-02-01-01-,NEGOCIOS NACIONALES,Acreedora,4,26756850.86,0,0,-28431203.11,31/01/2025,Profit Plus Contabilidad
401-02-01-01-02-,TRANSPORTE,Acreedora,5,1198332.12,0,0,-1705128.97,31/01/2025,Profit Plus Contabilidad
,,Deudora,1,0,574819.05,0,0,31/01/2025,Profit Plus Contabilidad
401-02-01-01-02-01,FACULTATIVO,Acreedora,6,574819.05,0,-428698.12,0,31/01/2025,Profit Plus Contabilidad
401-02-01-01-02-03,CONTRATO,Acreedora,6,623513.07,0,-1276430.85,0,31/01/2025,Profit Plus Contabilidad
401-02-01-01-03-,INCENDIO,Acreedora,5,19886016.45,0,-21126378.75,0,31/01/2025,Profit Plus Contabilidad
401-02-01-01-03-01,FACULTATIVO,Acreedora,6,19260101.6,0,-20607847.02,0,31/01/2025,Profit Plus Contabilidad
401-02-01-01-03-03,CONTRATO,Acreedora,6,625914.85,0,-518531.73,0,31/01/2025,Profit Plus Contabilidad
401-02-01-01-04-,ACCIDENTES Y DIVERSOS,Acreedora,5,5281146.54,0,-5247906.57,0,31/01/2025,Profit Plus Contabilidad
401-02-01-01-04-01,FACULTATIVO,Acreedora,6,3587691.7,0,-3722804.39,0,31/01/2025,Profit Plus Contabilidad
401-02-01-01-04-03,CONTRATO,Acreedora,6,643998.39,0,-656319.36,0,31/01/2025,Profit Plus Contabilidad
401-02-01-01-04-04,CONTRATO NO PROPORCIONAL,Acreedora,6,1049456.45,0,-868782.82,0,31/01/2025,Profit Plus Contabilidad
401-02-01-01-05-,FIANZA,Acreedora,5,391355.75,0,-351788.82,0,31/01/2025,Profit Plus Contabilidad
401-02-01-01-05-01,FACULTATIVO,Acreedora,6,378736.96,0,-343564.32,0,31/01/2025,Profit Plus Contabilidad
401-02-01-01-05-03,CONTRATO,Acreedora,6,12618.79,0,-8224.5,0,31/01/2025,Profit Plus Contabilidad
401-04-,SINIESTROS PENDIENTES DE PAGO,Acreedora,2,0,0,-2040603.58,0,31/01/2025,Profit Plus Contabilidad
401-04-01-,NEGOCIOS NACIONALES,Acreedora,3,0,0,-2040603.58,0,31/01/2025,Profit Plus Contabilidad
401-04-01-01-,NEGOCIOS NACIONALES,Acreedora,4,0,0,-2040603.58,0,31/01/2025,Profit Plus Contabilidad
401-04-01-01-03-,INCENDIO,Acreedora,5,0,0,-2020280.67,0,31/01/2025,Profit Plus Contabilidad
401-04-01-01-03-01,FACULTATIVO,Acreedora,6,0,0,-2020280.67,0,31/01/2025,Profit Plus Contabilidad
401-04-01-01-04-,ACCIDENTES Y DIVERSOS,Acreedora,5,0,0,-20322.91,0,31/01/2025,Profit Plus Contabilidad
401-04-01-01-04-01,FACULTATIVO,Acreedora,6,0,0,-20322.91,0,31/01/2025,Profit Plus Contabilidad
401-06-,PARA SINIESTROS OCURRIDOS Y NO NOTIFICADOS,Acreedora,2,0,0,-2450.04,0,31/01/2025,Profit Plus Contabilidad
401-06-01-,NEGOCIOS NACIONALES,Acreedora,3,0,0,-2450.04,0,31/01/2025,Profit Plus Contabilidad
401-06-01-01-,NEGOCIOS NACIONALES,Acreedora,4,0,0,-2450.04,0,31/01/2025,Profit Plus Contabilidad
401-06-01-01-03-,INCENDIO,Acreedora,5,0,0,-2450.04,0,31/01/2025,Profit Plus Contabilidad
401-06-01-01-03-01,FACULTATIVO,Acreedora,6,0,0,-2450.04,0,31/01/2025,Profit Plus Contabilidad
401-07-,PARA RIESGOS CATASTROFICOS,Acreedora,2,0,0,-74873.85,0,31/01/2025,Profit Plus Contabilidad
401-07-07-,OTROS RIESGOS CATASTRÓFICOS,Acreedora,3,0,0,-74873.85,0,31/01/2025,Profit Plus Contabilidad
401-07-07-01-,OTROS RIESGOS CATASTRÓFICOS,Acreedora,4,0,0,-74873.85,0,31/01/2025,Profit Plus Contabilidad
401-07-07-01-01-,OTROS RIESGOS CATASTRÓFICOS,Acreedora,5,0,0,-74873.85,0,31/01/2025,Profit Plus Contabilidad
401-07-07-01-01-01,FACULTATIVO,Acreedora,6,0,0,-73022.16,0,31/01/2025,Profit Plus Contabilidad
401-07-07-01-01-03,CONTRATO,Acreedora,6,0,0,-1851.69,0,31/01/2025,Profit Plus Contabilidad
403-,CUENTAS ACREEDORAS POR REASEGUROS,Acreedora,1,16702742.27,0,-7097995.18,0,31/01/2025,Profit Plus Contabilidad
403-01-,CUENTAS CORRIENTES CON REASEGURADAS,Acreedora,2,947318.09,0,0,0,31/01/2025,Profit Plus Contabilidad
403-01-01-,DEL PAIS,Acreedora,3,947318.09,0,0,0,31/01/2025,Profit Plus Contabilidad
403-01-01-01-,DEL PAIS,Acreedora,4,947318.09,0,0,0,31/01/2025,Profit Plus Contabilidad
403-01-01-01-01-,DEL PAIS,Acreedora,5,947318.09,0,0,0,31/01/2025,Profit Plus Contabilidad
403-01-01-01-01-01,FACULTATIVO,Acreedora,6,619587.13,0,0,0,31/01/2025,Profit Plus Contabilidad
403-01-01-01-01-03,CONTRATO,Acreedora,6,327730.96,0,0,0,31/01/2025,Profit Plus Contabilidad
403-02-,CUENTA CORRIENTE CON RETROCESIONARIO,Acreedora,2,7881189.29,0,0,0,31/01/2025,Profit Plus Contabilidad
403-02-01-,DEL PAIS,Acreedora,3,7881189.29,0,0,0,31/01/2025,Profit Plus Contabilidad
403-02-01-01-,DEL PAIS,Acreedora,4,7881189.29,0,0,0,31/01/2025,Profit Plus Contabilidad
403-02-01-01-01-,DEL PAIS,Acreedora,5,7881189.29,0,0,0,31/01/2025,Profit Plus Contabilidad
403-02-01-01-01-01,FACULTATIVO,Acreedora,6,7881189.29,0,0,0,31/01/2025,Profit Plus Contabilidad
403-03-,CTAS.CORRIENTES C/INTERMED. DE REASEGUROS,Acreedora,2,7874234.89,0,-7097995.18,0,31/01/2025,Profit Plus Contabilidad
403-03-01-,DEL PAIS,Acreedora,3,7874234.89,0,-7097995.18,0,31/01/2025,Profit Plus Contabilidad
403-03-01-01-,DEL PAIS,Acreedora,4,7874234.89,0,-7097995.18,0,31/01/2025,Profit Plus Contabilidad
403-03-01-01-01-,DEL PAIS,Acreedora,5,7874234.89,0,-7097995.18,0,31/01/2025,Profit Plus Contabilidad
403-03-01-01-01-03,CONTRATO,Acreedora,6,7874234.89,0,-7097995.18,0,31/01/2025,Profit Plus Contabilidad
404-,CUENTAS ACREEDORAS DIVERSAS,Acreedora,1,4557746.64,0,-2766278.66,0,31/01/2025,Profit Plus Contabilidad
404-02-,GASTOS POR PAGAR,Acreedora,2,3451686.87,0,-767978.91,0,31/01/2025,Profit Plus Contabilidad
404-02-01-,GASTOS POR PAGAR,Acreedora,3,3451686.87,0,-767978.91,0,31/01/2025,Profit Plus Contabilidad
404-02-01-01-,GASTOS POR PAGAR,Acreedora,4,3451686.87,0,-767978.91,0,31/01/2025,Profit Plus Contabilidad
404-02-01-01-01-,GASTOS POR PAGAR,Acreedora,5,3451686.87,0,-767978.91,0,31/01/2025,Profit Plus Contabilidad
,,Deudora,1,0,3451686.87,0,0,31/01/2025,Profit Plus Contabilidad
404-02-01-01-01-01,GASTOS POR PAGAR,Acreedora,6,3451686.87,0,-767978.91,0,31/01/2025,Profit Plus Contabilidad
404-04-,IMPUESTOS Y CONTRIBUCIONES POR PAGAR,Acreedora,2,699732.95,0,-990292.11,0,31/01/2025,Profit Plus Contabilidad
404-04-01-,IMPUESTO SOBRE LA RENTA,Acreedora,3,589593.94,0,-622078.47,0,31/01/2025,Profit Plus Contabilidad
404-04-01-02-,RETENCIONES AL PERSONAL,Acreedora,4,5.41,0,-60.62,0,31/01/2025,Profit Plus Contabilidad
404-04-01-02-01-,RETENCIONES AL PERSONAL,Acreedora,5,5.41,0,-60.62,0,31/01/2025,Profit Plus Contabilidad
404-04-01-02-01-01,RETENCION ISLR AL PERSONAL,Acreedora,6,5.41,0,-60.62,0,31/01/2025,Profit Plus Contabilidad
404-04-01-05-,OTROS,Acreedora,4,589588.53,0,-622017.85,0,31/01/2025,Profit Plus Contabilidad
404-04-01-05-01-,OTROS,Acreedora,5,589588.53,0,-622017.85,0,31/01/2025,Profit Plus Contabilidad
404-04-01-05-01-01,ISLR  RETENIDOS A TERCEROS,Acreedora,6,21824.36,0,-84130.5,0,31/01/2025,Profit Plus Contabilidad
404-04-01-05-01-02,IVA  RETENIDO A TERCEROS,Acreedora,6,42161.21,0,-320381.03,0,31/01/2025,Profit Plus Contabilidad
404-04-01-05-01-03,IVA  (DEBITO FISCAL),Acreedora,6,13146.97,0,-0.04,0,31/01/2025,Profit Plus Contabilidad
404-04-01-05-01-05,IGTF POR PAGAR,Acreedora,6,487473.05,0,-191268.99,0,31/01/2025,Profit Plus Contabilidad
404-04-01-05-01-06,LEY DE PROTECCIÓN DE PENSIONES,Acreedora,6,24982.94,0,-26237.29,0,31/01/2025,Profit Plus Contabilidad
404-04-02-,IMPUESTOS MUNICIPALES,Acreedora,3,96365.72,0,-171401.05,0,31/01/2025,Profit Plus Contabilidad
404-04-02-01-,IMPUESTOS MUNICIPALES,Acreedora,4,96365.72,0,-171401.05,0,31/01/2025,Profit Plus Contabilidad
404-04-02-01-01-,IMPUESTOS MUNICIPALES,Acreedora,5,96365.72,0,-171401.05,0,31/01/2025,Profit Plus Contabilidad
404-04-02-01-01-01,PATENTE MUNICIPAL,Acreedora,6,96365.72,0,-171401.05,0,31/01/2025,Profit Plus Contabilidad
404-04-03-,CONTRIBUCIONES,Acreedora,3,13773.29,0,-196812.59,0,31/01/2025,Profit Plus Contabilidad
404-04-03-01-,I.N.C.E,Acreedora,4,4944.27,0,-2756.23,0,31/01/2025,Profit Plus Contabilidad
404-04-03-01-01-,I.N.C.E,Acreedora,5,4944.27,0,-2756.23,0,31/01/2025,Profit Plus Contabilidad
404-04-03-01-01-01,I.N.C.E APORTE EMPLEADO,Acreedora,6,0,0,-58.11,0,31/01/2025,Profit Plus Contabilidad
404-04-03-01-01-02,I.N.C.E APORTE PATRONAL,Acreedora,6,4944.27,0,-2698.12,0,31/01/2025,Profit Plus Contabilidad
404-04-03-02-,SEGURO SOCIAL OBLIGATORIO,Acreedora,4,2223,0,-1599,0,31/01/2025,Profit Plus Contabilidad
404-04-03-02-01-,SEGURO SOCIAL OBLIGATORIO,Acreedora,5,2223,0,-1599,0,31/01/2025,Profit Plus Contabilidad
404-04-03-02-01-01,SEGURO SOCIAL OBLIGATORIO APORTE EMPLEADO,Acreedora,6,684,0,-492,0,31/01/2025,Profit Plus Contabilidad
404-04-03-02-01-02,SEGURO SOCIAL OBLIGATORIO APORTE PATRONAL,Acreedora,6,1539,0,-1107,0,31/01/2025,Profit Plus Contabilidad
404-04-03-03-,LEY DE POLITICA HABITACIONAL,Acreedora,4,2478.45,0,-2608.2,0,31/01/2025,Profit Plus Contabilidad
404-04-03-03-01-,LEY DE POLITICA HABITACIONAL,Acreedora,5,2478.45,0,-2608.2,0,31/01/2025,Profit Plus Contabilidad
404-04-03-03-01-01,LEY DE POLITICA HABITACIONAL  APORTE EMPLEADO,Acreedora,6,826.15,0,-869.63,0,31/01/2025,Profit Plus Contabilidad
404-04-03-03-01-02,LEY DE POLITICA HABITACIONAL  APORTE PATRONAL,Acreedora,6,1652.3,0,-1738.57,0,31/01/2025,Profit Plus Contabilidad
404-04-03-04-,SEGURO DE PARO FORZOSO,Acreedora,4,855,0,-615,0,31/01/2025,Profit Plus Contabilidad
404-04-03-04-01-,SEGURO DE PARO FORZOSO,Acreedora,5,855,0,-615,0,31/01/2025,Profit Plus Contabilidad
404-04-03-04-01-01,SEGURO DE PARO FORZOSO APORTE EMPLEADO,Acreedora,6,171,0,-123,0,31/01/2025,Profit Plus Contabilidad
404-04-03-04-01-02,SEGURO DE PARO FORZOSO APORTE PATRONAL,Acreedora,6,684,0,-492,0,31/01/2025,Profit Plus Contabilidad
404-04-03-09-,DEPORTE,Acreedora,4,0,0,-4231.22,0,31/01/2025,Profit Plus Contabilidad
404-04-03-09-01-,DEPORTE,Acreedora,5,0,0,-4231.22,0,31/01/2025,Profit Plus Contabilidad
404-04-03-09-01-01,DEPORTE,Acreedora,6,0,0,-4231.22,0,31/01/2025,Profit Plus Contabilidad
404-04-03-10-,LEY ORGANICA DE CIENCIAS Y TECNOLOGÍA E INFORMACI,Acreedora,4,3272.57,0,-185002.94,0,31/01/2025,Profit Plus Contabilidad
404-04-03-10-01-,LEY ORGANICA DE CIENCIAS Y TECNOLOGÍA E INFORMACI,Acreedora,5,3272.57,0,-185002.94,0,31/01/2025,Profit Plus Contabilidad
404-04-03-10-01-01,LEY ORGANICA DE CIENCIAS Y TECNOLOGÍA E INFORMAC,Acreedora,6,3272.57,0,-185002.94,0,31/01/2025,Profit Plus Contabilidad
404-07-,CUENTAS POR PAGAR AL PERSONAL,Acreedora,2,406326.82,0,-1008007.64,0,31/01/2025,Profit Plus Contabilidad
404-07-01-,UTILIDADES Y BONIFICACIONES,Acreedora,3,52546.92,0,-316941.48,0,31/01/2025,Profit Plus Contabilidad
404-07-01-01-,UTILIDADES Y BONIFICACIONES,Acreedora,4,52546.92,0,-316941.48,0,31/01/2025,Profit Plus Contabilidad
404-07-01-01-01-,UTILIDADES Y BONIFICACIONES,Acreedora,5,52546.92,0,-316941.48,0,31/01/2025,Profit Plus Contabilidad
404-07-01-01-01-01,UTILIDADES POR PAGAR,Acreedora,6,29094,0,-32388,0,31/01/2025,Profit Plus Contabilidad
404-07-01-01-01-03,BONO VACACIONAL POR PAGAR,Acreedora,6,11726.46,0,-142276.74,0,31/01/2025,Profit Plus Contabilidad
404-07-01-01-01-04,VACACIONES POR PAGAR,Acreedora,6,11726.46,0,-142276.74,0,31/01/2025,Profit Plus Contabilidad
404-07-02-,PRESTACIONES SOCIALES,Acreedora,3,353779.9,0,-691066.16,0,31/01/2025,Profit Plus Contabilidad
404-07-02-01-,PRESTACIONES SOCIALES,Acreedora,4,353779.9,0,-691066.16,0,31/01/2025,Profit Plus Contabilidad
404-07-02-01-01-,PRESTACIONES SOCIALES,Acreedora,5,353779.9,0,-691066.16,0,31/01/2025,Profit Plus Contabilidad
404-07-02-01-01-01,PRESTACIONES SOCIALES,Acreedora,6,346109.83,0,-604053.72,0,31/01/2025,Profit Plus Contabilidad
404-07-02-01-01-02,INTERESES S/PRESTACIONES SOCIALES,Acreedora,6,7670.07,0,-87012.44,0,31/01/2025,Profit Plus Contabilidad
405-,PASIVOS TRANSITORIOS,Acreedora,1,104982775,0,0,-36103577.36,31/01/2025,Profit Plus Contabilidad
405-01-,CREDITOS DIFERIDOS P/REASEGURO ACEPTADO,Acreedora,2,88234782.14,0,0,-36058812.88,31/01/2025,Profit Plus Contabilidad
405-01-01-,AJUSTE PROVISIONAL DE RESERVAS,Acreedora,3,88234782.14,0,0,-36058812.88,31/01/2025,Profit Plus Contabilidad
405-01-01-01-,AJUSTE PROVISIONAL DE RESERVAS,Acreedora,4,88234782.14,0,0,-36058812.88,31/01/2025,Profit Plus Contabilidad
405-01-01-01-01-,AJUSTE PROVISIONAL DE RESERVAS,Acreedora,5,88234782.14,0,0,-36058812.88,31/01/2025,Profit Plus Contabilidad
405-01-01-01-01-02,CREDITOS DIFERIDOS P/REASEGURO ACEPTADO CONTRA,Acreedora,6,61924841.75,0,0,-22151074.38,31/01/2025,Profit Plus Contabilidad
405-01-01-01-01-03,CREDITOS DIFERIDOS P/REASEGURO ACEPTADO CONTRA,Acreedora,6,26309940.39,0,0,-13907738.5,31/01/2025,Profit Plus Contabilidad
405-02-,OTROS CREDITOS DIFERIDOS,Acreedora,2,16747992.86,0,0,-44764.48,31/01/2025,Profit Plus Contabilidad
405-02-02-,OPERACIONES EN PROCESO,Acreedora,3,16747992.86,0,0,-44764.48,31/01/2025,Profit Plus Contabilidad
405-02-02-01-,OPERACIONES EN PROCESO,Acreedora,4,16747992.86,0,0,-44764.48,31/01/2025,Profit Plus Contabilidad
405-02-02-01-01-,OPERACIONES EN PROCESO,Acreedora,5,16747992.86,0,0,-44764.48,31/01/2025,Profit Plus Contabilidad
405-02-02-01-01-01,OPERACIONES EN PROCESO,Acreedora,6,16291087.27,0,0,-44764.48,31/01/2025,Profit Plus Contabilidad
405-02-02-01-01-02,NOMINA POR PAGAR,Acreedora,6,456905.59,0,0,0,31/01/2025,Profit Plus Contabilidad
406-,OTROS PASIVOS,Acreedora,1,0,0,0,-271083.8,31/01/2025,Profit Plus Contabilidad
406-01-,DEPOSITOS P/CONTRATOS DE ARRENDAMIENTOS,Acreedora,2,0,0,0,-271083.8,31/01/2025,Profit Plus Contabilidad
406-01-01-,DEPOSITOS P/CONTRATOS DE ARRENDAMIENTOS,Acreedora,3,0,0,0,-271083.8,31/01/2025,Profit Plus Contabilidad
406-01-01-01-,DEPOSITOS P/CONTRATOS DE ARRENDAMIENTOS,Acreedora,4,0,0,0,-271083.8,31/01/2025,Profit Plus Contabilidad
406-01-01-01-01-,DEPOSITOS P/CONTRATOS DE ARRENDAMIENTOS,Acreedora,5,0,0,0,-271083.8,31/01/2025,Profit Plus Contabilidad
406-01-01-01-01-01,DEPOSITOS P/CONTRATOS DE ARRENDAMIENTOS,Acreedora,6,0,0,0,-271083.8,31/01/2025,Profit Plus Contabilidad
407-,RESERVAS DE PREVISION,Acreedora,1,174223.03,0,0,-541617.6,31/01/2025,Profit Plus Contabilidad
407-02-,OTROS FINES,Acreedora,2,174223.03,0,0,-541617.6,31/01/2025,Profit Plus Contabilidad
407-02-01-,FLUCTUACION DE CAMBIOS,Acreedora,3,174223.03,0,0,-541617.6,31/01/2025,Profit Plus Contabilidad
407-02-01-01-,SOBRE ACTIVOS,Acreedora,4,165680,0,0,-5537.63,31/01/2025,Profit Plus Contabilidad
407-02-01-01-01-,VALORES PÚBLICOS,Acreedora,5,165680,0,0,-5537.63,31/01/2025,Profit Plus Contabilidad
407-02-01-01-01-01,VALORES PÚBLICOS,Acreedora,6,165680,0,0,-5537.63,31/01/2025,Profit Plus Contabilidad
407-02-01-02-,SOBRE OPERACIONES TÉCNICAS,Acreedora,4,8543.03,0,0,-536079.97,31/01/2025,Profit Plus Contabilidad
407-02-01-02-01-,RESERVAS TÉCNICAS,Acreedora,5,8543.03,0,0,-536079.97,31/01/2025,Profit Plus Contabilidad
407-02-01-02-01-02,RIESGOS EN CURSO,Acreedora,6,0,0,0,-509667.21,31/01/2025,Profit Plus Contabilidad
407-02-01-02-01-03,RESERVA PARA SINIESTROS PENDIENTES,Acreedora,6,8543.03,0,0,-2864.43,31/01/2025,Profit Plus Contabilidad
407-02-01-02-01-04,RESERVA PARA SINIESTROS NO NOTIFICADOS,Acreedora,6,0,0,0,-598.51,31/01/2025,Profit Plus Contabilidad
407-02-01-02-01-05,RESERVAS PARA RIESGOS CATASTRÓFICOS,Acreedora,6,0,0,0,-22949.82,31/01/2025,Profit Plus Contabilidad
408-,"RESERVAS DE DEPRECIACIONES,AMORTIZACIONES Y DEV",Acreedora,1,0,0,0,-892776.6,31/01/2025,Profit Plus Contabilidad
408-01-,DEPRECIACION ACUMULADA BIENES MUEBLES,Acreedora,2,0,0,0,-318434.09,31/01/2025,Profit Plus Contabilidad
408-01-01-,MOBILIARIO,Acreedora,3,0,0,0,-3272.43,31/01/2025,Profit Plus Contabilidad
408-01-01-01-,MOBILIARIO,Acreedora,4,0,0,0,-3272.43,31/01/2025,Profit Plus Contabilidad
408-01-01-01-01-,MOBILIARIO,Acreedora,5,0,0,0,-3272.43,31/01/2025,Profit Plus Contabilidad
408-01-01-01-01-01,MOBILIARIO,Acreedora,6,0,0,0,-3272.43,31/01/2025,Profit Plus Contabilidad
408-01-02-,EQUIPO DE OFICINA,Acreedora,3,0,0,0,-6155.04,31/01/2025,Profit Plus Contabilidad
408-01-02-01-,EQUIPO DE OFICINA,Acreedora,4,0,0,0,-6155.04,31/01/2025,Profit Plus Contabilidad
408-01-02-01-01-,EQUIPO DE OFICINA,Acreedora,5,0,0,0,-6155.04,31/01/2025,Profit Plus Contabilidad
408-01-02-01-01-01,EQUIPO DE OFICINA,Acreedora,6,0,0,0,-6155.04,31/01/2025,Profit Plus Contabilidad
408-01-03-,EQUIPOS DE COMPUTACION,Acreedora,3,0,0,0,-309006.62,31/01/2025,Profit Plus Contabilidad
408-01-03-01-,EQUIPOS DE COMPUTACION,Acreedora,4,0,0,0,-309006.62,31/01/2025,Profit Plus Contabilidad
408-01-03-01-01-,EQUIPOS DE COMPUTACION,Acreedora,5,0,0,0,-309006.62,31/01/2025,Profit Plus Contabilidad
408-01-03-01-01-01,EQUIPOS DE COMPUTACION,Acreedora,6,0,0,0,-309006.62,31/01/2025,Profit Plus Contabilidad
408-03-,DEPRECIACION ACUMULADA BIENES INMUEBLES,Acreedora,2,0,0,0,-574342.51,31/01/2025,Profit Plus Contabilidad
408-03-01-,PREDIOS URBANOS EDIFICADOS,Acreedora,3,0,0,0,-574342.51,31/01/2025,Profit Plus Contabilidad
408-03-01-01-,PREDIOS URBANOS EDIFICADOS,Acreedora,4,0,0,0,-574342.51,31/01/2025,Profit Plus Contabilidad
408-03-01-01-01-,PREDIOS URBANOS EDIFICADOS,Acreedora,5,0,0,0,-574342.51,31/01/2025,Profit Plus Contabilidad
408-03-01-01-01-01,PREDIOS URBANOS EDIFICADOS,Acreedora,6,0,0,0,-30083.84,31/01/2025,Profit Plus Contabilidad
408-03-01-01-01-02,PREDIOS URBANOS EDIFICADOS (AVALUO),Acreedora,6,0,0,0,-544258.67,31/01/2025,Profit Plus Contabilidad
409-,CAPITAL SOCIAL SUSCRITO,Acreedora,1,0,0,0,-47623497,31/01/2025,Profit Plus Contabilidad
409-01-,CAPITAL SOCIAL SUSCRITO,Acreedora,2,0,0,0,-47623497,31/01/2025,Profit Plus Contabilidad
409-01-01-,CAPITAL SOCIAL SUSCRITO,Acreedora,3,0,0,0,-47623497,31/01/2025,Profit Plus Contabilidad
409-01-01-01-,CAPITAL SOCIAL SUSCRITO,Acreedora,4,0,0,0,-47623497,31/01/2025,Profit Plus Contabilidad
409-01-01-01-01-,CAPITAL SOCIAL SUSCRITO,Acreedora,5,0,0,0,-47623497,31/01/2025,Profit Plus Contabilidad
409-01-01-01-01-01,CAPITAL SOCIAL SUSCRITO,Acreedora,6,0,0,0,-47623497,31/01/2025,Profit Plus Contabilidad
410-,RESERVAS DE SUPERAVIT,Acreedora,1,38704.38,0,0,-11896586.66,31/01/2025,Profit Plus Contabilidad
410-01-,SUPERAVIT GANADO,Acreedora,2,0,0,0,-829541.65,31/01/2025,Profit Plus Contabilidad
410-01-01-,RESERVA LEGAL,Acreedora,3,0,0,0,-41477.08,31/01/2025,Profit Plus Contabilidad
410-01-01-01-,RESERVA LEGAL,Acreedora,4,0,0,0,-41477.08,31/01/2025,Profit Plus Contabilidad
410-01-01-01-01-,RESERVA LEGAL,Acreedora,5,0,0,0,-41477.08,31/01/2025,Profit Plus Contabilidad
410-01-01-01-01-01,RESERVA LEGAL,Acreedora,6,0,0,0,-41477.08,31/01/2025,Profit Plus Contabilidad
410-01-05-,UTILIDADES NO DISTRIBUIDAS,Acreedora,3,0,0,0,-788064.57,31/01/2025,Profit Plus Contabilidad
410-01-05-01-,UTILIDADES NO DISTRIBUIDAS,Acreedora,4,0,0,0,-788064.57,31/01/2025,Profit Plus Contabilidad
410-01-05-01-01-,UTILIDADES NO DISTRIBUIDAS,Acreedora,5,0,0,0,-788064.57,31/01/2025,Profit Plus Contabilidad
410-01-05-01-01-01,UTILIDADES NO DISTRIBUIDAS,Acreedora,6,0,0,0,-788064.57,31/01/2025,Profit Plus Contabilidad
410-02-,SUPERAVIT NO REALIZADO,Acreedora,2,38704.38,0,0,-11067045.01,31/01/2025,Profit Plus Contabilidad
410-02-02-,RESERVAS PARA REVALORIZACION DE INMUEBLES,Acreedora,3,38704.38,0,0,-11067045.01,31/01/2025,Profit Plus Contabilidad
410-02-02-01-,PREDIOS URBANOS EDIFICADOS,Acreedora,4,38704.38,0,0,-11067045.01,31/01/2025,Profit Plus Contabilidad
410-02-02-01-01-,PREDIOS URBANOS EDIFICADOS,Acreedora,5,38704.38,0,0,-11067045.01,31/01/2025,Profit Plus Contabilidad
410-02-02-01-01-01,PREDIOS URBANOS EDIFICADOS,Acreedora,6,38704.38,0,0,-11067045.01,31/01/2025,Profit Plus Contabilidad
414-,CUENTAS DE ORDEN,Acreedora,1,106060242.1,0,0,-51426146.18,31/01/2025,Profit Plus Contabilidad
414-01-,PRIMAS EMITIDAS AL COBRO,Acreedora,2,106060242.1,0,0,-51426146.18,31/01/2025,Profit Plus Contabilidad
414-01-01-,PRIMAS EMITIDAS AL COBRO,Acreedora,3,106060242.1,0,0,-51426146.18,31/01/2025,Profit Plus Contabilidad
414-01-01-01-,PRIMAS EMITIDAS AL COBRO,Acreedora,4,106060242.1,0,0,-51426146.18,31/01/2025,Profit Plus Contabilidad
414-01-01-01-01-,PRIMAS EMITIDAS AL COBRO,Acreedora,5,106060242.1,0,0,-51426146.18,31/01/2025,Profit Plus Contabilidad
414-01-01-01-01-01,PRIMAS EMITIDAS AL COBRO FACULTATIVO,Acreedora,6,58955185.23,0,0,-12174410.63,31/01/2025,Profit Plus Contabilidad
414-01-01-01-01-02,NEGOCIOS ACEPTADOS,Acreedora,6,45003282.57,0,0,-39251735.55,31/01/2025,Profit Plus Contabilidad
414-01-01-01-01-03,PRIMAS EMITIDAS AL COBRO CONTRATO,Acreedora,6,2101774.25,0,0,0,31/01/2025,Profit Plus Contabilidad
501-,PRIMAS,Deudora,1,0,0,0,-82278840.36,31/01/2025,Profit Plus Contabilidad
501-01-,NEGOCIOS NACIONALES,Deudora,2,0,0,0,-82278840.36,31/01/2025,Profit Plus Contabilidad
501-01-02-,TRANSPORTE,Deudora,3,0,0,0,-12425263.6,31/01/2025,Profit Plus Contabilidad
501-01-02-01-,TRANSPORTE,Deudora,4,0,0,0,-12425263.6,31/01/2025,Profit Plus Contabilidad
501-01-02-01-01-,TRANSPORTE,Deudora,5,0,0,0,-12425263.6,31/01/2025,Profit Plus Contabilidad
501-01-02-01-01-01,FACULTATIVO,Deudora,6,0,0,0,-2531261.36,31/01/2025,Profit Plus Contabilidad
501-01-02-01-01-03,CONTRATO,Deudora,6,0,0,0,-9894002.24,31/01/2025,Profit Plus Contabilidad
501-01-03-,INCENDIO,Deudora,3,0,0,0,-52322145.15,31/01/2025,Profit Plus Contabilidad
501-01-03-01-,INCENDIO,Deudora,4,0,0,0,-52322145.15,31/01/2025,Profit Plus Contabilidad
501-01-03-01-01-,INCENDIO,Deudora,5,0,0,0,-52322145.15,31/01/2025,Profit Plus Contabilidad
501-01-03-01-01-01,FACULTATIVO,Deudora,6,0,0,0,-40071180.14,31/01/2025,Profit Plus Contabilidad
501-01-03-01-01-03,CONTRATO,Deudora,6,0,0,0,-12250965.01,31/01/2025,Profit Plus Contabilidad
501-01-04-,ACCIDENTES Y DIVERSOS,Deudora,3,0,0,0,-16749684.23,31/01/2025,Profit Plus Contabilidad
501-01-04-01-,ACCIDENTES Y DIVERSOS,Deudora,4,0,0,0,-16749684.23,31/01/2025,Profit Plus Contabilidad
501-01-04-01-01-,ACCIDENTES Y DIVERSOS,Deudora,5,0,0,0,-16749684.23,31/01/2025,Profit Plus Contabilidad
501-01-04-01-01-01,FACULTATIVO,Deudora,6,0,0,0,-5624278.8,31/01/2025,Profit Plus Contabilidad
501-01-04-01-01-03,CONTRATO,Deudora,6,0,0,0,-5959934.05,31/01/2025,Profit Plus Contabilidad
501-01-04-01-01-04,CONTRATO NO PROPORCIONAL,Deudora,6,0,0,0,-5165471.38,31/01/2025,Profit Plus Contabilidad
501-01-05-,FIANZA,Deudora,3,0,0,0,-781747.38,31/01/2025,Profit Plus Contabilidad
501-01-05-01-,FIANZA,Deudora,4,0,0,0,-781747.38,31/01/2025,Profit Plus Contabilidad
501-01-05-01-01-,FIANZA,Deudora,5,0,0,0,-781747.38,31/01/2025,Profit Plus Contabilidad
501-01-05-01-01-01,FACULTATIVO,Deudora,6,0,0,0,-645914.89,31/01/2025,Profit Plus Contabilidad
501-01-05-01-01-03,CONTRATO,Deudora,6,0,0,0,-135832.49,31/01/2025,Profit Plus Contabilidad
502-,PRESTACIONES Y SINIESTROS A CARGO DE RETROCESIO,Deudora,1,736452.63,0,0,-8213334.75,31/01/2025,Profit Plus Contabilidad
502-01-,PRESTACIONES A CARGO DE RETROCESIONARIOS,Deudora,2,0,736452.63,736452.63,0,31/01/2025,Profit Plus Contabilidad
502-01-01-,DEL PAIS,Deudora,3,0,736452.63,736452.63,0,31/01/2025,Profit Plus Contabilidad
502-01-01-02-,NEGOCIOS EXTRANJEROS,Deudora,4,0,20378.07,20378.07,0,31/01/2025,Profit Plus Contabilidad
502-01-01-02-01-,VIDA,Deudora,5,0,20378.07,20378.07,0,31/01/2025,Profit Plus Contabilidad
502-01-01-02-01-01,FACULTATIVO,Deudora,6,0,20378.07,20378.07,0,31/01/2025,Profit Plus Contabilidad
502-01-01-03-,INCENDIO,Deudora,4,0,716074.56,716074.56,0,31/01/2025,Profit Plus Contabilidad
502-01-01-03-01-,INCENDIO,Deudora,5,0,716074.56,716074.56,0,31/01/2025,Profit Plus Contabilidad
502-01-01-03-01-01,FACULTATIVO,Deudora,6,0,716074.56,716074.56,0,31/01/2025,Profit Plus Contabilidad
502-02-,SINIESTROS A CARGO DE RETROCESIONARIOS,Deudora,2,0,0,736452.63,-8213334.75,31/01/2025,Profit Plus Contabilidad
502-02-01-,DEL PAIS,Deudora,3,0,0,736452.63,-8213334.75,31/01/2025,Profit Plus Contabilidad
502-02-01-01-,NEGOCIOS NACIONALES,Deudora,4,0,0,736452.63,-8213334.75,31/01/2025,Profit Plus Contabilidad
502-02-01-01-02-,TRANSPORTE,Deudora,5,0,0,20378.07,-74857.96,31/01/2025,Profit Plus Contabilidad
502-02-01-01-02-01,FACULTATIVO,Deudora,6,0,0,20378.07,-74857.96,31/01/2025,Profit Plus Contabilidad
502-02-01-01-03-,INCENDIO,Deudora,5,0,0,716074.56,-6196756.77,31/01/2025,Profit Plus Contabilidad
502-02-01-01-03-01,FACULTATIVO,Deudora,6,0,0,716074.56,-6196756.77,31/01/2025,Profit Plus Contabilidad
502-02-01-01-04-,ACCIDENTES Y DIVERSOS,Deudora,5,0,0,0,-1941720.02,31/01/2025,Profit Plus Contabilidad
502-02-01-01-04-01,FACULTATIVOS,Deudora,6,0,0,0,-1941720.02,31/01/2025,Profit Plus Contabilidad
503-,GASTOS OPERACIONALES REEMBOLSADOS POR RETROC,Deudora,1,0,4018589.66,8037179.32,-20468859.16,31/01/2025,Profit Plus Contabilidad
503-01-,DEL PAIS,Deudora,2,0,4018589.66,4018589.66,0,31/01/2025,Profit Plus Contabilidad
503-01-01-,NEGOCIOS NACIONALES,Deudora,3,0,4018589.66,4018589.66,0,31/01/2025,Profit Plus Contabilidad
503-01-01-02-,TRANSPORTE,Deudora,4,0,799591.64,799591.64,0,31/01/2025,Profit Plus Contabilidad
503-01-01-02-02-,COMISIONES,Deudora,5,0,748043.12,748043.12,0,31/01/2025,Profit Plus Contabilidad
503-01-01-02-02-01,COMISIONES,Deudora,6,0,748043.12,748043.12,0,31/01/2025,Profit Plus Contabilidad
503-01-01-02-04-,IMPUESTOS,Deudora,5,0,51548.52,51548.52,0,31/01/2025,Profit Plus Contabilidad
503-01-01-02-04-01,IMPUESTOS,Deudora,6,0,51548.52,51548.52,0,31/01/2025,Profit Plus Contabilidad
503-01-01-03-,INCENDIO,Deudora,4,0,2778923.37,2778923.37,0,31/01/2025,Profit Plus Contabilidad
503-01-01-03-02-,COMISIONES,Deudora,5,0,2628252.58,2628252.58,0,31/01/2025,Profit Plus Contabilidad
503-01-01-03-02-01,COMISIONES,Deudora,6,0,2628252.58,2628252.58,0,31/01/2025,Profit Plus Contabilidad
503-01-01-03-04-,IMPUESTOS,Deudora,5,0,150670.79,150670.79,0,31/01/2025,Profit Plus Contabilidad
503-01-01-03-04-01,IMPUESTOS,Deudora,6,0,150670.79,150670.79,0,31/01/2025,Profit Plus Contabilidad
503-01-01-04-,ACCIDENTES Y DIVERSOS,Deudora,4,0,440074.65,440074.65,0,31/01/2025,Profit Plus Contabilidad
503-01-01-04-02-,COMISIONES,Deudora,5,0,414143.76,414143.76,0,31/01/2025,Profit Plus Contabilidad
503-01-01-04-02-01,COMISIONES,Deudora,6,0,414143.76,414143.76,0,31/01/2025,Profit Plus Contabilidad
503-01-01-04-04-,IMPUESTOS,Deudora,5,0,25930.89,25930.89,0,31/01/2025,Profit Plus Contabilidad
503-01-01-04-04-01,IMPUESTOS,Deudora,6,0,25930.89,25930.89,0,31/01/2025,Profit Plus Contabilidad
503-02-,DEL EXTERIOR,Deudora,2,0,0,4018589.66,-20468859.16,31/01/2025,Profit Plus Contabilidad
503-02-01-,NEGOCIOS NACIONALES,Deudora,3,0,0,4018589.66,-20468859.16,31/01/2025,Profit Plus Contabilidad
503-02-01-02-,TRANSPORTE,Deudora,4,0,0,799591.64,-2353939.34,31/01/2025,Profit Plus Contabilidad
503-02-01-02-01-,TRANSPORTE,Deudora,5,0,0,799591.64,-2353939.34,31/01/2025,Profit Plus Contabilidad
503-02-01-02-01-01,FACULTATIVO,Deudora,6,0,0,748043.12,-2302390.82,31/01/2025,Profit Plus Contabilidad
503-02-01-02-01-04,CONTRATO NO PROPORCIONAL,Deudora,6,0,0,51548.52,-51548.52,31/01/2025,Profit Plus Contabilidad
503-02-01-03-,INCENDIO,Deudora,4,0,0,2778923.37,-14404786.54,31/01/2025,Profit Plus Contabilidad
503-02-01-03-01-,INCENDIO,Deudora,5,0,0,2778923.37,-14404786.54,31/01/2025,Profit Plus Contabilidad
503-02-01-03-01-01,FACULTATIVO,Deudora,6,0,0,2628252.58,-14254115.75,31/01/2025,Profit Plus Contabilidad
503-02-01-03-01-04,CONTRATO NO PROPORCIONAL,Deudora,6,0,0,150670.79,-150670.79,31/01/2025,Profit Plus Contabilidad
503-02-01-04-,ACCIDENTES Y DIVERSOS,Deudora,4,0,0,440074.65,-3533847.83,31/01/2025,Profit Plus Contabilidad
503-02-01-04-01-,ACCIDENTES Y DIVERSOS,Deudora,5,0,0,440074.65,-3533847.83,31/01/2025,Profit Plus Contabilidad
503-02-01-04-01-01,FACULTATIVO,Deudora,6,0,0,440074.65,-3533847.83,31/01/2025,Profit Plus Contabilidad
503-02-01-05-,FIANZAS,Deudora,4,0,0,0,-176285.45,31/01/2025,Profit Plus Contabilidad
503-02-01-05-01-,FIANZAS,Deudora,5,0,0,0,-176285.45,31/01/2025,Profit Plus Contabilidad
503-02-01-05-01-01,FACULTATIVO,Deudora,6,0,0,0,-176285.45,31/01/2025,Profit Plus Contabilidad
506-,RESERVAS DE PRIMAS,Deudora,1,0,29511077.4,27087226.42,0,31/01/2025,Profit Plus Contabilidad
506-01-,NEGOCIOS NACIONALES,Deudora,2,0,29511077.4,0,0,31/01/2025,Profit Plus Contabilidad
506-01-02-,TRANSPORTE,Deudora,3,0,2547076.08,0,0,31/01/2025,Profit Plus Contabilidad
506-01-02-01-,TRANSPORTE,Deudora,4,0,2547076.08,0,0,31/01/2025,Profit Plus Contabilidad
506-01-02-01-01-,TRANSPORTE,Deudora,5,0,2547076.08,0,0,31/01/2025,Profit Plus Contabilidad
506-01-02-01-01-01,FACULTATIVO,Deudora,6,0,844928.67,0,0,31/01/2025,Profit Plus Contabilidad
506-01-02-01-01-03,CONTRATO,Deudora,6,0,1702147.41,0,0,31/01/2025,Profit Plus Contabilidad
506-01-03-,INCENDIO,Deudora,3,0,20639493.95,0,0,31/01/2025,Profit Plus Contabilidad
506-01-03-01-,INCENDIO,Deudora,4,0,20639493.95,0,0,31/01/2025,Profit Plus Contabilidad
506-01-03-01-01-,INCENDIO,Deudora,5,0,20639493.95,0,0,31/01/2025,Profit Plus Contabilidad
506-01-03-01-01-01,FACULTATIVO,Deudora,6,0,19850020.11,0,0,31/01/2025,Profit Plus Contabilidad
506-01-03-01-01-03,CONTRATO,Deudora,6,0,789473.84,0,0,31/01/2025,Profit Plus Contabilidad
506-01-04-,ACCIDENTES Y DIVERSOS,Deudora,3,0,5583406,0,0,31/01/2025,Profit Plus Contabilidad
506-01-04-01-,ACCIDENTES Y DIVERSOS,Deudora,4,0,5583406,0,0,31/01/2025,Profit Plus Contabilidad
506-01-04-01-01-,ACCIDENTES Y DIVERSOS,Deudora,5,0,5583406,0,0,31/01/2025,Profit Plus Contabilidad
506-01-04-01-01-01,FACULTATIVO,Deudora,6,0,3469836.03,0,0,31/01/2025,Profit Plus Contabilidad
506-01-04-01-01-03,CONTRATO,Deudora,6,0,802832.08,0,0,31/01/2025,Profit Plus Contabilidad
506-01-04-01-01-04,CONTRATO NO PROPORCIONAL,Deudora,6,0,1310737.89,0,0,31/01/2025,Profit Plus Contabilidad
506-01-05-,FIANZA,Deudora,3,0,741101.37,0,0,31/01/2025,Profit Plus Contabilidad
506-01-05-01-,FIANZA,Deudora,4,0,741101.37,0,0,31/01/2025,Profit Plus Contabilidad
506-01-05-01-01-,FIANZA,Deudora,5,0,741101.37,0,0,31/01/2025,Profit Plus Contabilidad
506-01-05-01-01-01,FACULTATIVO,Deudora,6,0,722301.28,0,0,31/01/2025,Profit Plus Contabilidad
506-01-05-01-01-03,CONTRATO,Deudora,6,0,18800.09,0,0,31/01/2025,Profit Plus Contabilidad
507-,RESERVAS PARA PRESTACIONES Y SINIESTROS PENDIEN,Deudora,1,0,746634.14,0,0,31/01/2025,Profit Plus Contabilidad
507-01-,NEGOCIOS NACIONALES,Deudora,2,0,746634.14,0,0,31/01/2025,Profit Plus Contabilidad
507-01-03-,INCENDIO,Deudora,3,0,737454.4,0,0,31/01/2025,Profit Plus Contabilidad
507-01-03-01-,INCENDIO,Deudora,4,0,737454.4,0,0,31/01/2025,Profit Plus Contabilidad
507-01-03-01-01-,INCENDIO,Deudora,5,0,737454.4,0,0,31/01/2025,Profit Plus Contabilidad
507-01-03-01-01-01,FACULTATIVO,Deudora,6,0,737454.4,0,0,31/01/2025,Profit Plus Contabilidad
507-01-04-,ACCIDENTES Y DIVERSOS,Deudora,3,0,9179.74,0,0,31/01/2025,Profit Plus Contabilidad
507-01-04-01-,ACCIDENTES Y DIVERSOS,Deudora,4,0,9179.74,0,0,31/01/2025,Profit Plus Contabilidad
507-01-04-01-01-,ACCIDENTES Y DIVERSOS,Deudora,5,0,9179.74,0,0,31/01/2025,Profit Plus Contabilidad
507-01-04-01-01-01,FACULTATIVO,Deudora,6,0,9179.74,0,0,31/01/2025,Profit Plus Contabilidad
512-,PRODUCTO DE INVERSIONES,Deudora,1,0,0,-468818.24,0,31/01/2025,Profit Plus Contabilidad
512-01-,INTERESES GANADOS,Deudora,2,0,0,-16677.49,0,31/01/2025,Profit Plus Contabilidad
512-01-01-,DEPOSITOS BANCARIOS,Deudora,3,0,0,-254.73,0,31/01/2025,Profit Plus Contabilidad
512-01-01-01-,INTERESES GANADOS DEPOSITOS BANCARIOS,Deudora,4,0,0,-254.73,0,31/01/2025,Profit Plus Contabilidad
512-01-01-01-01-,INTERESES GANADOS DEPOSITOS BANCARIOS,Deudora,5,0,0,-254.73,0,31/01/2025,Profit Plus Contabilidad
512-01-01-01-01-01,INTERESES GANADOS DEPOSITOS BANCARIOS,Deudora,6,0,0,-254.73,0,31/01/2025,Profit Plus Contabilidad
512-01-04-,VALORES PUBLICOS,Deudora,3,0,0,-16422.76,0,31/01/2025,Profit Plus Contabilidad
512-01-04-01-,INT VALORES PUBLICOS,Deudora,4,0,0,-16422.76,0,31/01/2025,Profit Plus Contabilidad
512-01-04-01-01-,INT VALORES PUBLICOS,Deudora,5,0,0,-16422.76,0,31/01/2025,Profit Plus Contabilidad
512-01-04-01-01-01,INT VALORES PUBLICOS,Deudora,6,0,0,-16422.76,0,31/01/2025,Profit Plus Contabilidad
512-03-,ALQUILERES GANADOS,Deudora,2,0,0,-452140.75,0,31/01/2025,Profit Plus Contabilidad
512-03-01-,ALQUILERES GANADOS,Deudora,3,0,0,-452140.75,0,31/01/2025,Profit Plus Contabilidad
512-03-01-01-,ALQUILERES GANADOS,Deudora,4,0,0,-452140.75,0,31/01/2025,Profit Plus Contabilidad
512-03-01-01-01-,ALQUILERES GANADOS,Deudora,5,0,0,-452140.75,0,31/01/2025,Profit Plus Contabilidad
512-03-01-01-01-01,ALQUILERES GANADOS,Deudora,6,0,0,-452140.75,0,31/01/2025,Profit Plus Contabilidad
514-,BENEFICIOS DIVERSOS,Deudora,1,0,4950105.06,-63471777.86,0,31/01/2025,Profit Plus Contabilidad
514-01-,DIFERENCIAS EN CAMBIO,Deudora,2,0,4338643.63,-63354631.98,0,31/01/2025,Profit Plus Contabilidad
514-01-01-,SOBRE OPERACIONES TECNICAS,Deudora,3,0,4337932.66,-30233354.86,0,31/01/2025,Profit Plus Contabilidad
514-01-01-01-,RESERVAS TÉCNICAS,Deudora,4,0,4337932.66,-8786632.64,0,31/01/2025,Profit Plus Contabilidad
514-01-01-01-01-,RESERVAS MATEMÁTICAS,Deudora,5,0,4227475.6,0,0,31/01/2025,Profit Plus Contabilidad
514-01-01-01-01-01,UTILIDAD TECNICA,Deudora,6,1440279.32,0,0,0,31/01/2025,Profit Plus Contabilidad
514-01-01-01-01-03,UTILIDAD TECNICA,Deudora,6,2787196.28,0,0,0,31/01/2025,Profit Plus Contabilidad
514-01-01-01-02-,RESERVAS PARA RIESGOS EN CURSO,Deudora,5,0,0,0,-8362744.58,31/01/2025,Profit Plus Contabilidad
514-01-01-01-02-01,NEGOCIOS NACIONALES,Deudora,6,0,0,0,-8362744.58,31/01/2025,Profit Plus Contabilidad
514-01-01-01-03-,RESERVAS PARA SINIESTROS PENDIENTES DE PAGO,Deudora,5,110457.06,0,0,-423888.06,31/01/2025,Profit Plus Contabilidad
514-01-01-01-03-01,NEGOCIOS NACIONALES,Deudora,6,110457.06,0,0,-423888.06,31/01/2025,Profit Plus Contabilidad
514-01-01-03-,OTRAS OPERACIONES TÉCNICAS,Deudora,4,0,0,0,-21446722.22,31/01/2025,Profit Plus Contabilidad
514-01-01-03-01-,NEGOCIOS NACIONALES,Deudora,5,0,0,0,-21446722.22,31/01/2025,Profit Plus Contabilidad
514-01-01-03-01-01,DIFERENCIAL CAMBIARIO TÉCNICO,Deudora,6,0,0,0,-21446722.22,31/01/2025,Profit Plus Contabilidad
514-01-02-,UTILIDAD FINANCIERA,Deudora,3,710.97,0,0,-33121277.12,31/01/2025,Profit Plus Contabilidad
514-01-02-01-,UTILIDAD FINANCIERA,Deudora,4,710.97,0,0,-33121277.12,31/01/2025,Profit Plus Contabilidad
514-01-02-01-01-,UTILIDAD FINANCIERA,Deudora,5,710.97,0,0,-33121277.12,31/01/2025,Profit Plus Contabilidad
514-01-02-01-01-01,POSICIÓN MONEDA EXTRANJERA,Deudora,6,0,0,0,-29580566.85,31/01/2025,Profit Plus Contabilidad
514-01-02-01-01-02,DIFERENCIAL CAMBIARIO ADMINISTRATIVO,Deudora,6,710.97,0,0,-3375030.27,31/01/2025,Profit Plus Contabilidad
514-01-02-01-01-03,FLUCTUACIÓN CAMBIARIA VALORES,Deudora,6,0,0,0,-165680,31/01/2025,Profit Plus Contabilidad
514-02-,DIFERENCIAS EN COBRANZAS,Deudora,2,611461.43,0,0,-883.88,31/01/2025,Profit Plus Contabilidad
514-02-01-,DIFERENCIAS EN COBRANZAS,Deudora,3,611461.43,0,0,-883.88,31/01/2025,Profit Plus Contabilidad
514-02-01-01-,DIFERENCIAS EN COBRANZAS,Deudora,4,611461.43,0,0,-883.88,31/01/2025,Profit Plus Contabilidad
514-02-01-01-01-,DIFERENCIAS EN COBRANZAS,Deudora,5,611461.43,0,0,-883.88,31/01/2025,Profit Plus Contabilidad
514-02-01-01-01-01,DIFERENCIAS EN COBRANZAS,Deudora,6,611461.43,0,0,-883.88,31/01/2025,Profit Plus Contabilidad
514-05-,OTROS BENEFICIOS,Deudora,2,0,0,0,-116262,31/01/2025,Profit Plus Contabilidad
514-05-01-,OTROS BENEFICIOS,Deudora,3,0,0,0,-116262,31/01/2025,Profit Plus Contabilidad
514-05-01-01-,OTROS BENEFICIOS,Deudora,4,0,0,0,-116262,31/01/2025,Profit Plus Contabilidad
514-05-01-01-01-,OTROS BENEFICIOS,Deudora,5,0,0,0,-116262,31/01/2025,Profit Plus Contabilidad
514-05-01-01-01-01,OTROS BENEFICIOS,Deudora,6,0,0,0,-116262,31/01/2025,Profit Plus Contabilidad
"Activo:                            4,069,830.75                                             Pasivo + Capital:                             -30,549,130.58                                          Egreso - Ingreso:                             26,479,299.83",,Deudora,3,0,0,0,0,31/01/2025,Profit Plus Contabilidad
